0.000000000000000000e+00,6.210740092293730308e-02,1.557910489922121333e-01,3.281001893130694458e-01,2.880249709387730506e-01,2.184657542489767401e-01,1.046432267546495848e-01,4.426130276736514046e-01,4.539055397175344453e-01,2.656743014246263912e-01,1.601892251132105982e-01,4.385809567916267859e-01,2.360350212416899573e-01,5.203439808771834763e-01,4.109951061388612548e-01,3.222150320121154876e-01,4.603977215162549652e-01,1.567165607058083610e-01,1.000559307350714633e-01,3.233367202207379498e-01,1.806518271163338185e-01,3.161599135306641245e-02,2.590410946855934426e-01,1.596222119612582258e-01,8.764034189717666290e-02,1.816369805640558055e-01,1.036398444035176725e-01,3.489666888949097268e-01,9.107116449507526856e-02,2.817897409595273572e-01,3.633539896006280356e-01,3.071201450171103242e-01,1.585478631899109869e-01,2.564828492762955547e-01,3.810631109753211399e-01,5.109474247309648831e-01,4.094389055458218241e-02,3.588932915716865346e-01,1.447649377447316477e-01,3.502545131315357718e-01,4.854138764963477626e-01,4.790001673442965957e-02,5.373881012568515469e-01,1.401880822406763013e-03,5.328552785189853980e-01,2.905704860847421189e-01,3.918387907943943205e-01,7.248183953762028786e-02,3.662049021199937360e-01,6.646093787624661742e-01,3.337970416989686773e-01,1.560497597543247239e-01,5.209135440591298183e-01,2.562842884487913642e-01,2.398070335411195964e-01,8.823518756174419941e-02,1.466835253158857710e-01,4.220131596832389642e-02,6.019504972625034922e-01,1.666982306487942676e-03,1.806715764270033775e-01,2.274086395745359701e-01,2.481519662519788075e-02,9.808087615025223513e-03,3.377491541373521811e-01,3.585645417827610371e-01,1.244330895238262014e-01,6.151071145462498092e-03,6.960888227501160763e-02,1.586391857387313420e-01,1.435293418812259303e-01,3.465174772863174185e-02,4.105387186817500977e-02,2.310120346122866986e-01,5.316870415452457088e-01,8.981736834710395134e-03,5.320519548402704579e-01,3.425223453118365069e-01,1.585920788023087447e-01,1.812251173210512323e-01,2.363504052318255166e-01,1.821797336771850406e-01,2.887345591270096823e-01,1.716850739693250583e-01,3.703983261841070629e-01,1.620178706826614148e-02,8.518603723154455354e-02,1.421662695357999995e-01,1.955072218554934904e-01,1.364873136096053097e-01,1.042196265206864897e-01,1.819247235493273163e-01,2.218663617717458736e-01,3.367784578940033469e-01,9.209377563075944739e-02,1.604524228157754306e-01,4.093835539237855418e-03,1.111960738509943231e-01,8.881061815337654153e-02,8.373687470392879306e-02
6.210740092293730308e-02,0.000000000000000000e+00,5.862074947332921587e-02,3.012741075694169157e-01,3.082892961389190334e-01,4.426167303325174163e-01,1.753426091974297565e-02,2.131689794698424789e-01,2.740672374492038044e-01,1.489087966048999456e-01,1.026829647085013286e-01,2.882297805678536440e-01,2.359668281764557562e-01,5.115459590942176282e-01,4.768661105349981111e-01,1.158151606915792525e-01,2.106689955796970104e-01,5.622368597209729396e-02,6.660288677772688987e-03,3.213303134623484159e-01,3.101324424406862526e-02,3.661013897632484082e-02,2.256568177861115743e-01,1.299009432987537072e-01,1.242030922286320449e-02,1.681966660201928143e-01,5.317422983755687622e-03,1.545340607898356422e-01,1.251247339325270713e-01,1.950693572757500049e-01,1.430413046529119547e-01,3.875010809065821404e-01,3.699147911855174553e-01,1.131109001784505463e-01,4.543194257888800158e-01,4.331147493223932998e-01,1.593321411423862799e-01,1.785096859782017154e-01,8.693198504876069321e-02,2.345701958139197185e-01,2.982175158561106154e-01,1.403964655461575894e-01,3.451398849977027061e-01,6.837855321829618138e-02,5.406446279484138362e-01,1.136184683488556113e-01,2.871046006138721074e-01,1.748112050996861178e-01,1.568679749968552584e-01,6.505715364190242100e-01,2.898264204963885704e-01,3.482565865212036704e-01,4.642102943219594824e-01,3.633669679459338719e-01,6.763127675420751994e-02,3.943113033062452949e-02,1.477810026067163385e-01,8.692372412359804235e-02,5.945249617880056237e-01,5.685492151319970072e-02,4.391220671307662082e-02,5.299344670547638525e-02,8.477554766903282191e-03,3.072320227288936195e-02,1.199525554285495316e-01,3.609973031870438165e-01,1.600844560574261888e-02,3.388241726449278679e-02,2.594212867657770972e-03,2.259134597076126183e-02,1.740132405305063953e-02,2.263384733213766667e-02,1.740681688768388191e-01,4.239274417343667500e-01,3.074840397500441247e-01,3.285168668209097892e-02,3.135512688110912438e-01,3.781207181142882123e-01,3.574792788071911587e-01,1.123521300839556841e-01,1.535905569423421935e-01,3.852511574816777640e-01,3.013664137591390846e-01,2.193513581187374328e-01,1.541743910902048098e-01,1.807555641821338710e-02,4.311371303743044212e-03,8.804134497160014117e-02,4.416492116449526051e-02,4.194027389778460374e-02,4.898958885713902700e-02,4.001101261063961800e-01,6.951208121483000435e-02,1.720887314340567020e-01,5.370476974605109186e-03,4.096574785270201691e-02,3.458913682993798588e-02,1.955721058940628476e-01,2.060901906038681008e-01,1.855519949664898504e-03
1.557910489922121333e-01,5.862074947332921587e-02,0.000000000000000000e+00,1.176550655775542992e-01,1.445552388080851847e-01,4.264450473973036559e-01,1.231546947030802072e-02,7.769938019965251519e-02,8.298143921642046894e-02,2.067388894167671715e-02,1.418916523067771662e-02,8.710066617516859511e-02,9.453791042127497601e-02,2.575457268858726279e-01,2.745876642246540267e-01,5.081032887348735372e-02,9.464285208301569108e-02,9.937533895777581798e-05,3.228526043686405500e-02,1.402757893882998763e-01,5.883721106052686861e-02,5.117455929953275418e-02,7.390687059809565584e-02,3.340219593276627652e-02,1.716094349137933101e-02,5.599325738318563367e-02,5.085365227248170999e-02,4.147140596998016848e-02,7.351487443518808784e-02,4.338178297517529536e-02,6.171666131608298522e-02,2.301272149740671569e-01,3.841341154594947183e-01,1.249665849023824486e-02,2.653139780721807117e-01,1.827134619983845354e-01,1.911025078264833310e-01,4.177269181942343951e-02,1.020354400763870406e-02,5.925515409689775109e-02,9.680275540037507065e-02,1.452646931773923233e-01,1.231784407666487724e-01,1.801841477683650550e-01,2.845587537387522792e-01,2.582740719653554146e-02,8.860568908653200515e-02,1.608405196888430255e-01,5.167856287705293455e-02,3.517178602348542960e-01,1.046932304787728946e-01,3.412778112581402179e-01,2.087060543339198937e-01,2.389362934485197709e-01,3.154238377469048560e-02,1.929797613199221162e-01,5.609261379944975590e-02,8.189736735653001254e-02,3.149521098231036764e-01,1.307947746147543888e-01,1.355302305409526384e-02,5.806940120094377517e-02,7.690628622062020692e-02,8.749418878846410008e-02,6.530494369194236870e-02,1.659867072909083641e-01,2.176916715911499448e-02,1.005608424726146255e-01,8.298437082934037590e-02,7.154107124693225017e-02,4.402606977673391431e-02,4.351858888213299553e-02,2.209176170959238905e-01,3.679639990460440435e-01,1.122460915668408304e-01,8.995904045917225977e-02,1.131332284222333340e-01,1.942692735600614895e-01,3.560560444015807291e-01,1.388220697623607398e-02,2.581173865353081354e-02,3.706046724729776809e-01,1.363956696887506093e-01,1.174422279293215882e-01,5.716021466418901020e-02,7.623628658938683134e-02,3.271014205519909984e-02,1.163328585951655357e-02,2.660337591345429686e-02,1.433664514018848177e-03,7.196343567640445943e-03,4.036669364512335823e-01,1.386019721808594111e-02,3.486517636881102805e-02,3.195621470844246109e-02,6.255730042901952968e-03,1.232610110961177563e-01,1.424275260976000934e-01,1.871444890654501425e-01,4.711924522201922649e-02
3.281001893130694458e-01,3.012741075694169157e-01,1.176550655775542992e-01,0.000000000000000000e+00,9.128532425396641489e-03,2.970185132681891216e-01,1.925031114289240675e-01,2.169445211664218498e-01,1.001877329080037848e-01,6.294966599242497740e-02,5.396137248206859388e-02,6.282306247892781303e-02,8.470250897540641116e-03,2.783852825442222415e-02,4.394758437100466236e-02,2.633156483383494173e-01,2.793400424047133845e-01,1.242704784067134860e-01,2.600497397852430392e-01,2.571527089795732583e-03,3.428439506431970596e-01,1.708159665023069318e-01,5.469459944371099849e-03,3.605347716044155632e-02,1.995267512662164400e-01,2.203021822259786447e-02,3.101540350720599082e-01,1.777896934348951463e-01,7.633193269948553017e-02,2.554994879599723628e-02,2.653779058618244702e-01,4.633914479026727401e-02,3.078279368686729911e-01,1.172473198731687066e-01,4.558949830659966840e-02,2.325433481956009144e-02,2.265524022240048008e-01,1.328361719009866770e-01,6.616189383668698298e-02,3.697480289534971210e-02,1.070404469485343041e-01,1.689370783334193660e-01,1.104747906654176132e-01,3.723355315278166766e-01,3.632509014683078796e-02,1.796901831952904538e-01,2.466774939401525021e-02,1.497768436096717781e-01,2.127391059070680157e-01,6.644675699267695024e-02,1.234680174139644480e-03,2.545149551207026573e-01,2.234641358462376506e-02,7.431059470478658391e-02,2.506501294856586792e-01,5.511316786734047346e-01,3.604285136124615874e-02,1.374704340759755339e-01,4.943604004613158520e-02,2.830150738405846078e-01,2.068453269075807843e-01,3.348480524619808496e-01,2.894406075669655465e-01,2.490102158112132702e-01,3.025820397274668894e-01,5.244608926226620137e-03,2.369638343294384886e-01,2.689898824500851493e-01,3.596626215568075602e-01,3.711823153080689441e-01,3.041446825798713727e-01,1.878031883473413322e-01,2.628616974889773084e-01,2.144278973818447009e-01,1.658727393239043113e-01,2.491300761408083986e-01,1.543682442858731463e-01,1.717045636945657705e-02,2.704622479756926823e-01,5.095906751101211829e-02,3.649190201291886704e-02,2.632034312990532698e-01,6.529807220760947169e-03,3.948891110125849618e-02,2.357763402016057608e-01,2.576641736770560187e-01,2.523574990592628575e-01,6.451162824379556848e-02,2.509787223841967174e-01,1.410479224448783209e-01,1.078322272554611133e-01,3.065136497004044003e-01,1.877933445063398876e-01,1.104064016089779249e-01,2.546969690666326391e-01,1.773156622307406893e-01,3.187508826512470139e-01,9.550676325338454398e-02,1.552060663110498284e-01,2.904784746303087362e-01
2.880249709387730506e-01,3.082892961389190334e-01,1.445552388080851847e-01,9.128532425396641489e-03,0.000000000000000000e+00,2.050676920733605635e-01,2.124837562116984879e-01,2.964168380400408753e-01,1.651298775715707157e-01,1.012140882266044511e-01,6.834697135292697179e-02,1.177144900580235076e-01,5.327531040685283201e-03,3.476749347736256268e-02,2.068716141541208572e-02,3.301237462393963873e-01,3.649566133763946785e-01,1.522193382222380431e-01,2.804104550037951338e-01,2.563577327201015024e-03,3.834165562932994042e-01,1.562616045004209531e-01,1.501331970338375815e-02,4.087895274032090492e-02,2.145946984467529406e-01,2.193024592841847503e-02,3.310742663277094211e-01,2.432198611063700611e-01,5.532883599801526747e-02,5.438531664225691037e-02,3.382214977527808752e-01,1.507169133825294639e-02,2.186355382130230618e-01,1.634408151445644608e-01,1.884214662755587244e-02,5.493685575750808375e-02,1.699188993195964170e-01,1.946377882967582074e-01,7.994311674684786984e-02,7.773948584610933243e-02,1.752788550172564574e-01,1.233226012784532782e-01,1.818026657299762483e-01,3.293858133137099187e-01,3.738135075713115013e-02,2.372443705848789330e-01,6.289484277437769333e-02,1.017621056947533992e-01,2.830776528818083615e-01,7.802597540533813547e-02,1.665856242312645230e-02,1.735559527112789657e-01,4.669836285460061964e-02,3.136009581053609413e-02,3.033011544442675844e-01,5.475041889520925187e-01,2.942364105153294843e-02,1.097467842589962550e-01,5.743901097648401038e-02,2.466556550798533753e-01,2.463319215004068641e-01,3.857811189690507625e-01,2.792953740598488888e-01,2.261040517572266706e-01,3.728770348876679352e-01,4.487811175410986488e-03,2.639815253595985678e-01,2.430093586919069570e-01,3.671161504148226506e-01,4.055407874356281583e-01,3.362855491250023587e-01,1.790150952699841314e-01,2.000108739830319393e-01,1.362209191970964739e-01,2.471196495569154550e-01,2.251342871320446692e-01,2.338703671793967154e-01,3.730042436216890987e-03,1.867453045451713811e-01,7.006947152700583603e-02,6.242612863560524639e-02,1.787848649802337153e-01,2.384148565133136139e-04,1.665026122239499778e-02,3.081043140839457850e-01,2.415612236841075400e-01,2.680181645809011082e-01,7.693172623209484917e-02,2.949550062924904958e-01,1.658866121780231129e-01,1.185262708659570036e-01,2.155093722140369872e-01,2.344750284043531918e-01,1.665603442498557740e-01,2.725848337875089733e-01,2.108207390786894231e-01,2.904197305718089206e-01,5.639282427396127145e-02,1.020883480630645351e-01,3.054675768170661554e-01
2.184657542489767401e-01,4.426167303325174163e-01,4.264450473973036559e-01,2.970185132681891216e-01,2.050676920733605635e-01,0.000000000000000000e+00,4.354617763567830702e-01,8.285520759121839385e-01,6.742186498843953935e-01,4.690022398449927854e-01,3.195694196380875485e-01,5.938039122640490497e-01,2.202532385698890427e-01,3.563492155799564687e-01,1.940108867400257842e-01,7.708025849657131889e-01,9.092822396532770357e-01,4.366830907039341847e-01,4.863563630342486177e-01,2.534387196356739924e-01,6.665235806782672245e-01,2.332728808400402476e-01,2.853928341735230134e-01,2.597838461333959459e-01,4.125210532985637002e-01,2.311337723974385694e-01,5.272449107501571142e-01,7.073855722278439284e-01,1.470084181286473168e-01,3.996342863618351227e-01,8.121282682807718922e-01,1.303598479075975536e-01,6.042300782442115888e-03,5.454428604548484660e-01,1.706619976160049512e-01,4.704744556301195813e-01,7.321685348861706188e-02,6.589200719498895520e-01,3.217590013555356454e-01,4.834864495154274078e-01,7.033645912727862770e-01,8.554896841600115320e-02,7.342135694332247997e-01,2.377910941853554616e-01,3.374114782157723313e-01,6.556641949854323803e-01,4.727001601108160034e-01,6.597285601760104201e-02,7.615777198318153252e-01,4.445785710393470591e-01,3.299012884456864469e-01,5.652098917915035145e-03,4.368341703472614634e-01,8.151657149764621191e-02,6.716584896395293436e-01,5.835454931156540681e-01,2.010035625713399721e-01,1.473786110250143166e-01,3.985359046254755011e-01,2.033718133944973638e-01,5.601350402356730651e-01,7.227667229953342876e-01,3.411054005119146249e-01,2.453599987822884243e-01,8.208802477562059385e-01,2.608296355406014011e-01,5.076953634988957687e-01,2.443829066972805775e-01,4.900828197872766356e-01,6.518424198938993497e-01,5.873726197055668674e-01,2.746236567794268502e-01,7.011938633475763016e-02,8.396268999226380592e-03,8.220096083969138379e-01,2.399574977813547783e-01,8.050938302566689186e-01,2.041266491907996472e-01,4.799040282047257154e-03,3.456240382269510913e-01,3.820637591939952671e-01,2.048921436362187692e-03,2.170644985330697219e-01,1.313848012008258237e-01,7.894235421964197474e-01,2.863994106940678241e-01,4.540498517829438807e-01,3.132702608968904179e-01,6.185118547334762518e-01,4.289024589067398363e-01,3.273920045327768369e-01,2.278872174177955408e-03,5.913928714434368850e-01,6.092052712109586876e-01,4.683524150164908861e-01,5.040089881140364936e-01,2.694688079283392712e-01,7.867083755321020722e-02,4.947003850908970879e-02,4.787717921623547146e-01
1.046432267546495848e-01,1.753426091974297565e-02,1.231546947030802072e-02,1.925031114289240675e-01,2.124837562116984879e-01,4.354617763567830702e-01,0.000000000000000000e+00,1.193397217688403483e-01,1.533959930147545392e-01,6.476128911750514416e-02,4.263657454092584925e-02,1.637780401433819311e-01,1.509036406589794876e-01,3.664819044169688733e-01,3.630413303959130200e-01,6.045728931743676871e-02,1.260708206273654375e-01,1.106631510305945178e-02,5.114910867265218264e-03,2.152055126984108724e-01,2.770868801631606870e-02,3.432636392709671053e-02,1.334029700477559477e-01,6.706385726881539111e-02,7.720727277293350753e-04,9.789818730250786361e-02,1.404858071769605858e-02,7.437668430222561800e-02,8.934643598215633031e-02,1.000771535859385497e-01,7.832777102748313125e-02,2.981835801813336184e-01,3.781716201970349300e-01,4.219152491313358372e-02,3.478994542695010295e-01,2.863673941562054903e-01,1.720418283452668784e-01,8.655919533775704999e-02,3.309218506335917520e-02,1.255747143810089228e-01,1.717001966237066135e-01,1.375302881302534752e-01,2.074914155554898332e-01,1.207534199183195184e-01,3.953392050175923433e-01,4.773739449314541583e-02,1.664144315869867941e-01,1.624906575681126508e-01,8.010090790384800929e-02,4.815089280525653437e-01,1.793636478518278177e-01,3.443046176331562847e-01,3.158614985410282405e-01,2.928629743114692929e-01,2.934746494004780368e-02,1.078709867703876862e-01,8.908981492129912361e-02,7.634122777675281246e-02,4.360049784289826702e-01,8.858726319182520792e-02,1.049949951783899112e-02,3.636839511250470475e-02,3.357818153974582304e-02,5.159284565081664886e-02,6.948120592830640818e-02,2.477207671499741248e-01,3.174493453547277445e-03,6.034700719843905103e-02,3.138893610101470277e-02,3.116793669720719154e-02,1.468402277687845016e-02,2.280940821098626642e-02,1.955142644536750629e-01,3.941006901370252002e-01,1.823112228775833066e-01,5.405279303275944969e-02,1.859346123254876637e-01,2.724703681795724308e-01,3.568131577818209887e-01,4.643801662982954825e-02,7.145124613175575512e-02,3.778076973973188424e-01,2.045101151234277881e-01,1.576733870512482538e-01,8.137395900563408613e-02,3.869094738393833582e-02,4.883851401964905622e-03,3.456368812090951370e-02,1.676409748253876800e-02,5.353202391371532018e-03,1.376483625031330212e-02,4.030810543432558068e-01,2.190988765472667854e-02,8.069631843846980512e-02,4.680014739713915690e-03,6.149054819697578195e-03,7.283129821234173018e-02,1.615967415817188835e-01,1.919148046796985141e-01,1.129680973360106672e-02
4.426130276736514046e-01,2.131689794698424789e-01,7.769938019965251519e-02,2.169445211664218498e-01,2.964168380400408753e-01,8.285520759121839385e-01,1.193397217688403483e-01,0.000000000000000000e+00,3.248098908362507392e-02,5.391917468100463490e-02,1.190092158948634071e-01,6.123999455847571605e-02,2.350704380576813524e-01,3.482539320466240818e-01,4.560889490014208847e-01,2.119252424379505784e-02,4.607048265524959531e-03,7.552471689170757452e-02,1.446210903353482569e-01,2.643603797084285723e-01,1.179341530072769151e-01,2.539897659760760873e-01,1.786243828114593979e-01,1.619765901851480117e-01,1.392760680226714232e-01,1.944327522728170055e-01,1.657838662628480786e-01,5.664795729267762744e-03,2.798982145802168531e-01,9.686736825355019009e-02,1.272195299363611601e-02,4.421006750141085462e-01,7.851422328760175873e-01,3.034029447952258166e-02,4.587979043142633717e-01,2.084055024207061291e-01,5.092202279581914404e-01,1.075287122970497444e-02,1.190402318281035127e-01,7.621022875193513013e-02,3.542949047728981282e-02,4.285988193286255354e-01,4.938764479406175523e-02,4.783557030148395950e-01,3.904393952608355978e-01,1.612124204944295411e-02,1.075501111798099207e-01,4.466896648595500841e-01,4.447207920430479126e-03,4.208810954373909952e-01,1.869498154609632035e-01,7.160708956648053070e-01,2.528247418671987212e-01,4.886952693125950486e-01,4.545658918200939230e-02,3.952531886565095465e-01,2.160537715636390299e-01,3.156796488982170912e-01,3.975665008003851919e-01,4.037000183055520774e-01,6.361062283054230715e-02,8.498347208950535192e-02,2.790484115283720090e-01,3.211444640014187168e-01,2.854739741806016848e-02,2.892003082677805370e-01,1.123508262500839128e-01,3.444080941578694932e-01,2.408296808519288790e-01,1.514743820881490066e-01,1.252747657581146368e-01,2.323119502397977265e-01,5.586409560654151951e-01,7.254077858985507055e-01,1.758377212679213680e-02,3.265726603318660493e-01,2.204403210904356050e-02,3.534617841830792195e-01,7.393137060652266168e-01,1.041070686355214242e-01,9.190362729066475778e-02,7.530160847007431046e-01,2.804674256073024785e-01,3.183929963440070288e-01,6.319721591608523821e-03,2.920997619859110328e-01,1.580993458259108697e-01,1.241512371667759795e-01,6.735762570838524366e-02,8.832137759041282232e-02,1.313932910793400577e-01,8.073028178677240652e-01,3.962170085405269243e-02,1.874775311226339891e-02,1.510576651129007242e-01,7.131057808201031467e-02,3.778596932175179446e-01,3.966048038443274470e-01,4.855292718595522472e-01,1.777486780150122070e-01
4.539055397175344453e-01,2.740672374492038044e-01,8.298143921642046894e-02,1.001877329080037848e-01,1.651298775715707157e-01,6.742186498843953935e-01,1.533959930147545392e-01,3.248098908362507392e-02,0.000000000000000000e+00,2.546527112525991121e-02,8.181550702979502321e-02,5.071252781277123776e-03,1.300918303830577993e-01,1.753509202170593362e-01,2.732412121775132929e-01,8.595237090443494377e-02,6.151256207954049204e-02,8.436101504276703744e-02,2.023428221679908490e-01,1.348111836174874512e-01,2.098394528262532976e-01,2.472332538820028180e-01,8.635618080390472517e-02,1.034084948041735369e-01,1.728671593899341885e-01,1.161968285618042440e-01,2.392886675630358506e-01,3.228637213613841372e-02,2.132989386672532184e-01,3.570399544056652302e-02,7.500067032448225202e-02,2.799251359737702782e-01,6.579648728203754127e-01,3.529626696204665737e-02,2.802570582785744446e-01,7.804424162088885453e-02,4.475789871233461503e-01,1.383776722915236457e-02,8.966730038391457214e-02,1.659247210278793488e-02,5.351130579225328024e-04,3.645900922779404807e-01,4.109912124805875991e-03,4.985653323720095065e-01,2.065227969794194152e-01,4.895170650544997809e-02,2.651865111440761605e-02,3.647358788461158019e-01,4.485569218534944669e-02,2.219398898409210563e-01,7.919645510221469398e-02,5.863047202812193825e-01,1.068475831576041757e-01,3.323334502082621045e-01,1.090370235058541887e-01,5.099693449971888226e-01,1.426558039674895029e-01,2.730786025476453216e-01,2.072788200514887880e-01,4.062176378882216832e-01,1.102796468121759188e-01,1.765659552294619461e-01,3.196501694916709102e-01,3.324885093915020406e-01,1.066622486861612262e-01,1.480143166462769555e-01,1.659427568981206302e-01,3.582077204385286651e-01,3.187047610591665081e-01,2.491653232472273716e-01,2.027091199447590419e-01,2.395627977006793974e-01,4.982607548287018018e-01,5.634595757548455097e-01,8.249067016648551146e-03,3.364138838533179410e-01,6.028561634556540982e-03,2.001965957243037608e-01,6.092597861559967409e-01,6.706356315567794935e-02,4.393971862203369799e-02,6.119491318612170216e-01,1.528237588012337222e-01,2.112433773995594233e-01,5.604148832630895943e-02,3.154353244578766424e-01,2.103274920379781254e-01,9.282643671936358087e-02,1.308201344605193495e-01,1.038236283707594382e-01,1.231618105781613487e-01,6.692389498508700685e-01,7.896986601263523975e-02,1.237655127196227167e-02,2.055163567705051986e-01,1.050977590856602417e-01,4.043135186797074954e-01,2.997010248976118008e-01,3.916415045329786904e-01,2.415010274976942262e-01
2.656743014246263912e-01,1.489087966048999456e-01,2.067388894167671715e-02,6.294966599242497740e-02,1.012140882266044511e-01,4.690022398449927854e-01,6.476128911750514416e-02,5.391917468100463490e-02,2.546527112525991121e-02,0.000000000000000000e+00,1.660238468948033175e-02,2.327142775573774747e-02,6.473144000001776477e-02,1.606297252994129954e-01,2.077452201382573582e-01,6.884858372633548274e-02,8.268842702506638831e-02,2.229936191734622694e-02,1.032120309352569792e-01,8.683425138530295739e-02,1.316820598804401277e-01,1.144394259821781140e-01,3.829745254476837196e-02,3.073754119715677371e-02,7.542444613891088889e-02,4.377791940593863534e-02,1.337201863474482277e-01,3.069102278883548141e-02,9.696188123027683903e-02,8.383625452990215235e-03,7.016195448176416882e-02,1.899360095165068818e-01,4.449718971694726632e-01,8.598266443717292318e-03,2.063158430155299372e-01,8.868895860928414920e-02,2.634186882288609421e-01,1.670786108169438136e-02,1.964403231052257170e-02,1.046345376097070241e-02,3.319953312276383711e-02,2.017993345122311155e-01,4.736350853054878407e-02,3.008335412784943763e-01,1.862191333168770058e-01,2.994567516360097797e-02,2.585569614471429703e-02,2.060227701247040466e-01,4.575880051722929637e-02,2.280813790384681183e-01,4.926842238566832288e-02,3.896668356557220769e-01,1.114077568199497992e-01,2.181243331033277111e-01,6.647471200353173570e-02,3.397952372726028014e-01,5.596799136214263698e-02,1.330392451141926002e-01,2.027548440965259713e-01,2.289657303030536994e-01,5.152474132684690261e-02,1.176006638063175486e-01,1.725569673995936970e-01,1.757844315932375057e-01,8.964896887934145631e-02,1.041658153555080346e-01,8.099900899504082485e-02,1.946923272292927776e-01,1.863212614370947651e-01,1.568514304669695048e-01,1.159019703086115044e-01,1.107396886442294504e-01,3.020783848050010989e-01,3.871022426694740726e-01,5.272861946450767279e-02,1.784182886353646302e-01,5.046194378730220476e-02,1.387532956467536494e-01,4.076897513575001297e-01,1.046215482091067406e-02,5.044145970063602241e-03,4.142992532307014919e-01,9.239837832854774780e-02,1.107147748394163161e-01,5.619507334290798489e-02,1.655611174076954684e-01,1.051580755636876141e-01,2.122513034835291773e-02,7.237205101511955119e-02,3.289320671592615986e-02,3.746463679123408080e-02,4.580659647231029585e-01,3.690036929598035365e-02,9.340971752704778711e-03,1.033847384629219823e-01,4.144416602386247206e-02,2.304925275673382623e-01,1.644167358077135155e-01,2.291958249390786406e-01,1.296461528242685568e-01
1.601892251132105982e-01,1.026829647085013286e-01,1.418916523067771662e-02,5.396137248206859388e-02,6.834697135292697179e-02,3.195694196380875485e-01,4.263657454092584925e-02,1.190092158948634071e-01,8.181550702979502321e-02,1.660238468948033175e-02,0.000000000000000000e+00,6.949190716289455061e-02,3.555187170341638642e-02,1.592208954517853048e-01,1.641440757316178778e-01,1.092324734095410227e-01,1.520596085565835143e-01,1.666345282458031249e-02,7.709341929688727502e-02,6.695743396264504377e-02,1.285201771942720561e-01,4.970752255804512104e-02,2.520854195394720693e-02,4.277421167120213502e-03,4.621214562887333843e-02,1.390285804896932917e-02,1.053850414936965685e-01,7.639309463931304167e-02,3.431236830980752273e-02,1.749866596321673559e-02,1.198400947173656611e-01,1.306635599243759216e-01,2.943487475278143695e-01,3.036202119580375461e-02,1.567927100040453214e-01,1.152651490382160110e-01,1.477633102686119471e-01,6.163333870537859166e-02,6.553428427170298947e-04,3.670903349759731954e-02,9.482923017441051428e-02,1.026968504036363528e-01,1.155026004380946963e-01,1.894349684851778792e-01,1.783479250584408260e-01,6.294813604491387993e-02,5.251038392712473885e-02,1.068632510104962768e-01,9.598135101253442436e-02,2.384713972692761308e-01,4.774636082937034481e-02,2.515695728385941576e-01,1.302764466415827216e-01,1.406664572825086779e-01,8.640311572619227554e-02,2.676761518683514751e-01,1.563892700778398911e-02,5.595850010228136523e-02,2.062568457548068779e-01,1.305958737443231876e-01,5.547193810717792467e-02,1.296365300488556693e-01,1.051628530149921192e-01,9.537188222115945690e-02,1.325597042684603377e-01,8.543190763461763759e-02,6.539949614794150767e-02,1.093163873581530637e-01,1.374723977672911435e-01,1.434991039189751072e-01,1.032037901567094823e-01,5.173918607169378930e-02,1.770976585331057451e-01,2.592117008024198421e-01,1.284492951840462138e-01,9.670277917115699395e-02,1.249178681690241433e-01,1.038117240135687930e-01,2.656186988733300613e-01,7.334092594397897177e-04,7.383585752640741198e-03,2.733201978948838207e-01,6.297572588549316119e-02,5.317856444281321426e-02,1.075337299966362126e-01,9.278235157774901432e-02,7.322913374098882766e-02,6.231630104552805588e-04,7.965011239514252495e-02,2.143224337952191749e-02,9.901895829542151084e-03,3.068885073316281464e-01,5.276620805217629301e-02,4.783342896808449179e-02,7.428076137768320486e-02,3.912914800999085785e-02,1.392500512132207879e-01,8.113427311178765533e-02,1.248753497979647048e-01,9.452085232540086146e-02
4.385809567916267859e-01,2.882297805678536440e-01,8.710066617516859511e-02,6.282306247892781303e-02,1.177144900580235076e-01,5.938039122640490497e-01,1.637780401433819311e-01,6.123999455847571605e-02,5.071252781277123776e-03,2.327142775573774747e-02,6.949190716289455061e-02,0.000000000000000000e+00,9.230162994882995520e-02,1.207934848956389862e-01,2.062015793028235122e-01,1.201846639184539905e-01,9.939344613341039025e-02,8.985660320750381291e-02,2.197983303970005298e-01,9.079466601892305366e-02,2.437390552382735498e-01,2.346876542965296020e-01,5.631797747872246268e-02,8.177743572637082015e-02,1.815567826949788244e-01,8.722741701316960583e-02,2.615585543970274651e-01,5.487697574829127761e-02,1.811288773146633724e-01,2.091386219004609873e-02,1.104153045942262990e-01,2.164234974338286599e-01,5.864023391225110515e-01,4.542948532005228190e-02,2.133785855857647240e-01,4.382485313249719072e-02,4.055822192147000016e-01,2.836401932302529127e-02,7.945011371383689514e-02,6.034221880581317268e-03,5.941151959040525364e-03,3.253872369023670386e-01,7.443609285432196444e-03,4.849503744912207481e-01,1.468697175837662960e-01,7.087236988407166760e-02,8.865282035588766679e-03,3.195005091298784849e-01,7.305138177760769902e-02,1.612048655484669690e-01,4.647067121546395729e-02,5.165889192687092013e-01,6.571867836353542658e-02,2.668401486759140462e-01,1.384395420083670003e-01,5.365736975599229019e-01,1.130433138423058842e-01,2.458311510526500210e-01,1.479537461973926271e-01,3.894916390427372033e-01,1.305445541044484015e-01,2.136516563665054047e-01,3.224150867455063407e-01,3.226161537003136570e-01,1.459225769460751332e-01,1.003416711804441808e-01,1.842930239832176464e-01,3.480832474732391546e-01,3.379940429747918529e-01,2.827969048587954393e-01,2.296868850641252680e-01,2.329587305537129949e-01,4.546655928460378027e-01,4.851599463390545153e-01,2.528426604881390052e-02,3.257549253310432769e-01,2.054836038871353521e-02,1.449583457841648326e-01,5.385860603232329735e-01,5.628034283639442997e-02,3.210896120933456194e-02,5.378174997937335000e-01,1.073772638491403281e-01,1.665780206976089917e-01,8.760350498630831151e-02,3.112406098420877343e-01,2.246805320459053790e-01,8.160473514257858552e-02,1.574408934447393271e-01,1.102927995673790712e-01,1.181785042249502704e-01,5.939040887424134052e-01,9.936238351174120353e-02,2.233602448145390051e-02,2.212300569492282876e-01,1.196836547911359627e-01,3.971625544796799079e-01,2.528919282390453271e-01,3.412838272550026142e-01,2.590272998236048396e-01
2.360350212416899573e-01,2.359668281764557562e-01,9.453791042127497601e-02,8.470250897540641116e-03,5.327531040685283201e-03,2.202532385698890427e-01,1.509036406589794876e-01,2.350704380576813524e-01,1.300918303830577993e-01,6.473144000001776477e-02,3.555187170341638642e-02,9.230162994882995520e-02,0.000000000000000000e+00,5.677738056901127789e-02,4.691337345524022873e-02,2.558393453230052295e-01,2.937141489494471958e-01,1.007608975359026715e-01,2.092794713132448969e-01,7.128363673450563952e-03,2.983570018498715171e-01,1.113815004444097256e-01,4.471825457874442807e-03,1.677235263561254949e-02,1.532354540017973055e-01,5.792293517980640592e-03,2.535715098310832860e-01,1.843324117470097612e-01,3.463704616847362860e-02,3.116364718358052149e-02,2.648973883459939671e-01,3.301138111300937206e-02,2.228457967479733071e-01,1.134247274041894349e-01,4.335421194854518351e-02,5.961521817485248426e-02,1.474673732826206340e-01,1.452711914804665494e-01,4.399665142156403141e-02,5.381362486066001982e-02,1.411922712562511395e-01,1.017518516611522900e-01,1.518845839705865730e-01,2.738174923813756489e-01,6.387455819731202578e-02,1.759050237107021852e-01,4.762590764558675277e-02,8.744786068913053267e-02,2.185944454616748356e-01,1.105100774387618029e-01,1.232514404890153702e-02,1.787551040908618161e-01,5.772678753933526558e-02,4.703304304555314119e-02,2.295882412326276378e-01,4.535397102299703609e-01,1.137775615504645760e-02,7.941782839621690238e-02,8.645583366899355082e-02,1.981810102335568591e-01,1.795311782464687755e-01,3.007818269266031574e-01,2.152778505431346412e-01,1.739773337800385455e-01,2.931807379095696109e-01,1.375275256644947069e-02,1.944718245511481702e-01,1.899126549130488451e-01,2.879410848876309270e-01,3.181888770865324290e-01,2.571215415119499359e-01,1.284444925286396810e-01,1.770925541362317057e-01,1.543859628126739159e-01,2.026326358208076772e-01,1.736212728924881044e-01,1.920906270637694480e-01,1.795425325708407960e-02,1.920791819342849149e-01,3.718185350530379962e-02,3.389846989791152343e-02,1.885669089831472356e-01,4.076821860794935769e-03,1.233171290900968511e-02,2.398500391279083932e-01,1.845503342485775855e-01,1.991354258836001700e-01,4.178197561152446199e-02,2.213482699520299135e-01,1.117596693649604150e-01,7.407072039950289566e-02,2.241242480722963060e-01,1.705794287765228789e-01,1.210471479505467046e-01,2.027870925423541359e-01,1.492578364558512227e-01,2.322333168206527076e-01,4.805032680939272383e-02,9.262357556938741188e-02,2.319397054710940764e-01
5.203439808771834763e-01,5.115459590942176282e-01,2.575457268858726279e-01,2.783852825442222415e-02,3.476749347736256268e-02,3.563492155799564687e-01,3.664819044169688733e-01,3.482539320466240818e-01,1.753509202170593362e-01,1.606297252994129954e-01,1.592208954517853048e-01,1.207934848956389862e-01,5.677738056901127789e-02,0.000000000000000000e+00,2.681701043097859186e-02,4.362486459524534399e-01,4.312892284125071085e-01,2.670579251499169415e-01,4.578738404601910839e-01,2.368515822992302636e-02,5.615389061123610137e-01,3.270574818287074748e-01,5.796746543475785746e-02,1.261381903450138342e-01,3.764227064038676573e-01,9.547944052853693520e-02,5.236699042099113299e-01,3.128229279305807520e-01,1.760638069778012460e-01,9.641784564904221089e-02,4.316173593286303789e-01,5.579395836090957767e-02,3.929180958766673726e-01,2.434884113770112712e-01,3.525317445621421047e-02,2.166609323453885100e-02,3.559291640978523019e-01,2.463975784946220993e-01,1.798055030961124012e-01,1.011828782867058019e-01,1.774698755789433646e-01,2.882961346188766538e-01,1.681943162718273488e-01,5.756472081855068534e-01,1.320871783641706368e-03,3.264847868534607178e-01,6.881359595308020327e-02,2.525123354890084215e-01,3.584288062960821475e-01,8.873626406402860059e-03,3.389944506071822933e-02,3.312847499091524095e-01,9.910481203709416154e-03,9.775208673127758208e-02,4.321537250087746362e-01,8.235732325069297088e-01,1.189203911037774314e-01,2.662878725909364475e-01,3.146664472283794943e-03,4.637551478764846968e-01,3.802083860793606385e-01,5.460627574149562458e-01,4.908818514158025947e-01,4.294554083921510168e-01,4.867127206352768742e-01,1.502090764415388302e-02,4.259859297622267116e-01,4.540586436020345174e-01,5.869259424867998565e-01,6.000603799993586840e-01,5.139183840036462003e-01,3.543335743699937423e-01,3.978146236079585507e-01,2.565147196054797796e-01,2.533601917388192404e-01,4.287964898006307313e-01,2.362544550789811570e-01,2.339683683262633318e-02,3.488426154387532785e-01,1.531102609051896712e-01,1.228084368076986649e-01,3.308492865240058034e-01,3.392177602896451899e-02,9.917975777527480996e-02,3.895801237819332963e-01,4.456289672642790300e-01,4.478296171693634808e-01,1.771064262175623127e-01,4.383500074464134477e-01,2.927726996264437553e-01,2.451432734334501873e-01,3.817645498049083708e-01,3.487322774948274362e-01,2.182333791240658183e-01,4.509039664194560149e-01,3.416849752473931079e-01,5.183328318736986073e-01,1.768690613263764200e-01,2.493069662915403661e-01,4.981536808724759680e-01
4.109951061388612548e-01,4.768661105349981111e-01,2.745876642246540267e-01,4.394758437100466236e-02,2.068716141541208572e-02,1.940108867400257842e-01,3.630413303959130200e-01,4.560889490014208847e-01,2.732412121775132929e-01,2.077452201382573582e-01,1.641440757316178778e-01,2.062015793028235122e-01,4.691337345524022873e-02,2.681701043097859186e-02,0.000000000000000000e+00,5.119719318964159882e-01,5.441326180606255170e-01,2.851167288819678736e-01,4.489005105103517912e-01,2.614235877559066903e-02,5.812147490959623797e-01,2.700254676460493997e-01,6.839239252411645487e-02,1.188832978133820550e-01,3.639502087719577728e-01,8.423294303464573529e-02,5.115769334924085143e-01,3.960362372173967804e-01,1.227964501035981315e-01,1.345887708336412358e-01,5.192418453321877569e-01,8.604568069300808086e-03,2.285584331054344720e-01,2.965686157515505794e-01,8.026196466948696054e-04,8.339127289209218030e-02,2.349585627306626234e-01,3.290562783711981631e-01,1.815399774676726696e-01,1.611759605449357147e-01,2.821390652267298793e-01,1.884833599669711868e-01,2.813588687519859577e-01,4.585902255166960928e-01,2.009882849791366777e-02,3.933841534304892140e-01,1.297251622114106440e-01,1.529592080295684997e-01,4.471528168049430652e-01,5.122291528716993447e-02,5.936525037275479366e-02,1.829503818169679885e-01,6.209364583907880236e-02,2.725866507498590080e-02,4.818069489464009703e-01,7.548684804415152216e-01,9.424972052150602797e-02,1.941682974444310095e-01,3.654968300089009997e-02,3.636445996465305641e-01,4.097901008609863838e-01,5.851300041554094999e-01,4.295768438083065743e-01,3.520867345050425201e-01,5.654117379438150515e-01,1.915149123023796376e-02,4.305066883466968086e-01,3.703134530657842816e-01,5.485858336576719951e-01,6.066306775729911616e-01,5.216982898332791496e-01,3.043527646481148929e-01,2.649257553988161873e-01,1.217956018795213619e-01,3.755296253438977772e-01,3.497936675992407429e-01,3.569343889005099357e-01,7.077547506763149678e-03,1.954448267070158507e-01,1.667983001936145238e-01,1.520922783491243380e-01,1.790483855299668248e-01,2.416753090556678085e-02,5.318576992610935666e-02,4.795552679934492191e-01,3.777754136437486143e-01,4.315467033776446693e-01,1.768192454899124577e-01,4.718693252034352192e-01,3.032779060772224367e-01,2.355495477733898224e-01,2.168994939068272509e-01,3.936523704341564067e-01,2.928616232569412614e-01,4.381831078230336574e-01,3.635175600493995574e-01,4.268702107286164726e-01,9.784476592143030727e-02,1.433918574753648423e-01,4.775802014660864847e-01
3.222150320121154876e-01,1.158151606915792525e-01,5.081032887348735372e-02,2.633156483383494173e-01,3.301237462393963873e-01,7.708025849657131889e-01,6.045728931743676871e-02,2.119252424379505784e-02,8.595237090443494377e-02,6.884858372633548274e-02,1.092324734095410227e-01,1.201846639184539905e-01,2.558393453230052295e-01,4.362486459524534399e-01,5.119719318964159882e-01,0.000000000000000000e+00,1.456584963473852440e-02,4.720575691203700991e-02,6.746962569119720199e-02,3.087734101688012212e-01,4.044696560382727429e-02,1.817238149610358178e-01,2.061202483773325045e-01,1.564880860108478489e-01,7.425340593405364842e-02,1.980196188797585799e-01,7.685383557679113797e-02,1.289970921680692190e-02,2.465580612764920743e-01,1.252502299748539383e-01,1.494501592276333522e-03,4.709762768709002678e-01,7.095060607399286123e-01,2.927320587686888659e-02,5.066443315349279386e-01,2.954519901966646822e-01,4.247374861321995820e-01,3.185048507535780810e-02,1.022588733738899885e-01,1.191731527500595328e-01,9.518277978336675549e-02,3.605940904803811020e-01,1.214710136886344022e-01,3.470755480086147315e-01,4.793894078984647922e-01,7.995429090281726617e-03,1.641371888384260680e-01,3.897395466498283501e-01,7.249173232028952724e-03,5.356920970371903401e-01,2.345201985663135091e-01,6.533973980709040230e-01,3.425456634878863427e-01,4.974793208029052449e-01,6.441773689422527344e-03,2.411069886777280347e-01,2.071650614073354268e-01,2.543982997135848523e-01,5.007746350475759112e-01,2.951860688060668481e-01,2.056815115267263475e-02,2.147977782690426926e-02,1.750575427133689299e-01,2.234542688014866108e-01,1.381094698872715153e-03,3.418520130610133712e-01,4.729569474486682024e-02,2.406965405406061020e-01,1.305897964398015920e-01,6.116412474925687903e-02,4.809475272077423647e-02,1.565748656893289625e-01,4.649200602620198186e-01,6.919090575045571123e-01,7.429788479975105164e-02,2.286308451611893111e-01,8.174584867555033385e-02,3.988897509826680454e-01,6.732142408987054072e-01,1.004714567538893405e-01,1.059720601729660650e-01,6.947230667820533112e-01,3.150434504408851644e-01,3.147873147367760693e-01,4.369882620223596720e-03,1.939114327181629405e-01,7.907818721293330411e-02,1.071147327947620798e-01,1.694248326458013681e-02,5.059373516845547952e-02,9.375102847591328115e-02,7.379016585121224159e-01,1.191985811297846705e-02,3.986335010522466110e-02,7.321812481682508922e-02,3.056122359731995586e-02,2.609956614144824938e-01,3.633071562825799239e-01,4.312844257165404094e-01,8.869614012152704507e-02
