0.000000000000000000e+00,3.210201404067482556e-01,4.799587090655507704e-01,6.533355064848482829e-01,6.198163729593292315e-01,5.532653394218585152e-01,4.043429921331916366e-01,7.357748964078341114e-01,7.430626115159472134e-01,5.997329543417493358e-01,4.856704793313473267e-01,7.331412400649636174e-01,5.712732898762136191e-01,7.835393987620429268e-01,7.146534817656962080e-01,6.485941788855109635e-01,7.471950038423168516e-01,4.811691607704219331e-01,3.965060756547156839e-01,6.495023826946880741e-01,5.109938709654223699e-01,2.361054335382729574e-01,5.935553266377414650e-01,4.849398208380225617e-01,3.741114865670808753e-01,5.121650831603470344e-01,4.026473425834039555e-01,6.696926338111320876e-01,3.804856473801683792e-01,6.143222920815157861e-01,6.805840739428026254e-01,6.361575149668107221e-01,4.835508171358881557e-01,5.911445136837883974e-01,6.935900761739566267e-01,7.780452566536665282e-01,2.658520821952888857e-01,6.772394401158717825e-01,4.651698594751051963e-01,6.706799649583249368e-01,7.627455258345953171e-01,2.855332830264798449e-01,7.933279265399253433e-01,5.303026372921574444e-02,7.907464929321604830e-01,6.220362620562218670e-01,7.013008871569519354e-01,3.439472923387388303e-01,6.827069190333441284e-01,8.601569521386304151e-01,6.578701896188128284e-01,4.802975334300973453e-01,7.838701517242818717e-01,5.909567251524147080e-01,5.750227589170509024e-01,3.752275142951750353e-01,4.677937007986278650e-01,2.695473831616110871e-01,8.285135360046042008e-01,5.773264143111012797e-02,5.110173908623284467e-01,5.625465708658684560e-01,2.110475897758445629e-01,1.362383677149270056e-01,6.609850973134099306e-01,6.769918149785506545e-01,4.358960380108822807e-01,1.089308829538376544e-01,3.378080707584051323e-01,4.836691209481326914e-01,4.634683084599680591e-01,2.462862197180116508e-01,2.661779181800157379e-01,5.662180963343569351e-01,7.900786548341304227e-01,1.306304754968297677e-01,7.902873742755532893e-01,6.647140955044007482e-01,4.836081017237462421e-01,5.116759372675369066e-01,5.715883062673261517e-01,5.128085804901079126e-01,6.204365161037856957e-01,5.001381342394691787e-01,6.858088422561245956e-01,1.728538913630425777e-01,3.694569595463315093e-01,4.615803424451238590e-01,5.282332195446290957e-01,4.535880539887014451e-01,4.036283748106248570e-01,5.125063914442141710e-01,5.568236508628475745e-01,6.602223484039941859e-01,3.823568951797528537e-01,4.860090734101017995e-01,8.947521928463586516e-02,4.151753635791742836e-01,3.763027251927869576e-01,3.666699520014714553e-01
3.210201404067482556e-01,0.000000000000000000e+00,3.128013317427102979e-01,6.312294930408468563e-01,6.371354243609899104e-01,7.357773071710895785e-01,1.794053077929012585e-01,5.476494756311075518e-01,6.074030551999064498e-01,4.708096571122744600e-01,4.010207443237299163e-01,6.199954716380694508e-01,5.712051395771687856e-01,7.783973440184763781e-01,7.574968929557025499e-01,4.225734641926103263e-01,5.449669524410106769e-01,3.069800171116345844e-01,1.131811844320319976e-01,6.478763235366100659e-01,2.340178180423758691e-01,2.525824961238988253e-01,5.607477118146437789e-01,4.440497182898663908e-01,1.524384287137194594e-01,4.958157591616571547e-01,1.015433991115823609e-01,4.783073187182335650e-01,4.369397540250952172e-01,5.277375332762590521e-01,4.627936554266063873e-01,6.982147864354516509e-01,6.854524039497212895e-01,4.182651333615464151e-01,7.433272906299556171e-01,7.295436704617757062e-01,4.845653876940634319e-01,5.084327764804629224e-01,3.727764075008647704e-01,5.698064999188127144e-01,6.286270606311890052e-01,4.591117387302942610e-01,6.667439344394211487e-01,3.351321224969479040e-01,7.951729651874456239e-01,4.190786519857109260e-01,6.190104799070137442e-01,5.039636443972727031e-01,4.813667544328171233e-01,8.532612612437109334e-01,6.213887405604157088e-01,6.691471534074816541e-01,7.496027418200192916e-01,6.805937637992780509e-01,3.334925928878865187e-01,2.613174588395059672e-01,4.692847602602653878e-01,3.727607983521006862e-01,8.246085659345736563e-01,3.085271206310214454e-01,2.744732661864868195e-01,2.988964641898780306e-01,1.270701394283503260e-01,2.330049407502115810e-01,4.290445833612956950e-01,6.788205698171052571e-01,1.718786724029199575e-01,2.437565320124079338e-01,7.167126737999410246e-02,2.020154075077956468e-01,1.787644497608815719e-01,2.021926357138429942e-01,5.030584117748797546e-01,7.234249721889284279e-01,6.364621565792126789e-01,2.403147477255460351e-01,6.415057887278028392e-01,6.914584211146544979e-01,6.761732499061768875e-01,4.170447226307095745e-01,4.770621073235836174e-01,6.966046364298971172e-01,6.313078054172254205e-01,5.541955117759067573e-01,4.778332124303967254e-01,1.819871315226789799e-01,9.174861704927127215e-02,3.748643430240790053e-01,2.751912683169677742e-01,2.687855883311953686e-01,2.884600565319003218e-01,7.071206280559249047e-01,3.375985704998381021e-01,5.006346178340850273e-01,1.020312551740223256e-01,2.659168783617514853e-01,2.460815660736299926e-01,5.283066100530280362e-01,5.399990646559758023e-01,6.084392808959135368e-02
4.799587090655507704e-01,3.128013317427102979e-01,0.000000000000000000e+00,4.254688029267159055e-01,4.648817352845448503e-01,7.251108136771556856e-01,1.518264627369797504e-01,3.547298236330904131e-01,3.652053886932876692e-01,1.938148499951686532e-01,1.623625265624832892e-01,3.730949342374699218e-01,3.867780406237332769e-01,5.921480800759378882e-01,6.078734388847260028e-01,2.932662552408651924e-01,3.869662793103530452e-01,1.431060876256561032e-02,2.383967856428474974e-01,4.589426945116237833e-01,3.133199630010680692e-01,2.942154246476214596e-01,3.469378114102410482e-01,2.421606233483067638e-01,1.775986542054620310e-01,3.064126788027507486e-01,2.933793648633186701e-01,2.674103030051114271e-01,3.461186951208681251e-01,2.729583254602280240e-01,3.201130620108499358e-01,5.653200784686673863e-01,6.958028124830990535e-01,1.528823050358067426e-01,5.994000480478839377e-01,5.134401645956946370e-01,5.232133871933938307e-01,2.682950733566062396e-01,1.388309704509032849e-01,3.143181167709839796e-01,3.908122909232810693e-01,4.658554467769604468e-01,4.339933559135186192e-01,5.104364127368760107e-01,6.167721770333657316e-01,2.150064159476674230e-01,3.759203008228410581e-01,4.865076946904430266e-01,2.955222614089864641e-01,6.717988459937701551e-01,4.044272300098724071e-01,6.637452626855334659e-01,5.428459823914745241e-01,5.741607186743173941e-01,2.358517279466934569e-01,5.253619362648140889e-01,3.066574745185748352e-01,3.630893762478297759e-01,6.426608592446001467e-01,4.453618547426616558e-01,1.588765816893857596e-01,3.114751388872744609e-01,3.531198049671350758e-01,3.738365678273466997e-01,3.283175516864236254e-01,4.930474483481878667e-01,1.985491956263117919e-01,3.973794492276666035e-01,3.652110879499915197e-01,3.419534521178480557e-01,2.747970686124102113e-01,2.733500908775002292e-01,5.558345480477375755e-01,6.840111065980548632e-01,4.168737593655715279e-01,3.784358535060475259e-01,4.183009685508585207e-01,5.268299150081638960e-01,6.750971763055625408e-01,1.606914781555738581e-01,2.149458143078391004e-01,6.859608530097788259e-01,4.534573613751990973e-01,4.251353338695523232e-01,3.092716944210662788e-01,3.517517819240520982e-01,2.398372651019625712e-01,1.477725992870115301e-01,2.179818557482774144e-01,5.361707760597282657e-02,1.174706632354953345e-01,7.095975716585445348e-01,1.605708779646638495e-01,2.469822420442703281e-01,2.372736973050755815e-01,1.098194382033677030e-01,4.341189486507774364e-01,4.619430945580797476e-01,5.186378596967172738e-01,2.834117659231217279e-01
6.533355064848482829e-01,6.312294930408468563e-01,4.254688029267159055e-01,0.000000000000000000e+00,1.316465768416237858e-01,6.276012810233085881e-01,5.248176983540842055e-01,5.516617303277073781e-01,3.967343242776838474e-01,3.229638321744690010e-01,3.013486869225057152e-01,3.226726705486776536e-01,1.270177297161104446e-01,2.226176520096290190e-01,2.745739254406623364e-01,5.975482525788050614e-01,6.121413690200214752e-01,4.356501213116259486e-01,5.945014681005370560e-01,7.136484610724816435e-02,6.649640637920171127e-01,4.990665973762274388e-01,1.029346149014686435e-01,2.508130919694968597e-01,5.327500010722814316e-01,1.996576474326818840e-01,6.386899476884609905e-01,5.075674959274311115e-01,3.519475210012258382e-01,2.139301695070878195e-01,5.994591336574587315e-01,2.812712848786917963e-01,6.367498321016703544e-01,4.248296236055060793e-01,2.791942885808423869e-01,2.047588900927916622e-01,5.616684922994201745e-01,4.483374708837255529e-01,3.302366047643699454e-01,2.537331668947376828e-01,4.083535758569667440e-01,4.967379867101655022e-01,4.140028770994665375e-01,6.872336473295802550e-01,2.516784051760248553e-01,5.098466027636064934e-01,2.104633042114971431e-01,4.719783282732915031e-01,5.471896928806093685e-01,3.308712097797962270e-01,4.982313665363521937e-02,5.892790745596852009e-01,2.009903617854793267e-01,3.477786829960797799e-01,5.855872518257587700e-01,8.010613147703979919e-01,2.507791632542376026e-01,4.549865816402676733e-01,2.896481936629927145e-01,6.154083969662406117e-01,5.408233241676815295e-01,6.587010064588073588e-01,6.210525458393719722e-01,5.840092706008727097e-01,6.323376274861074453e-01,1.008695891585893040e-01,5.722002223794623310e-01,6.027821415571666952e-01,6.778183160050149647e-01,6.863860797452696616e-01,6.336573171887084355e-01,5.194036691820179685e-01,5.971262783718938039e-01,5.489924851294363251e-01,4.929040431910645115e-01,5.841248385678343702e-01,4.780888321357592563e-01,1.776449622271119300e-01,6.041281290269768789e-01,2.936543470726767358e-01,2.522079807410151919e-01,5.974439855402081667e-01,1.121092207297529481e-01,2.614925073850243309e-01,5.710147018070399483e-01,5.922597457269858090e-01,5.872228434818548282e-01,3.265274471624679542e-01,5.859026068028033718e-01,4.600227121298529620e-01,4.096659273235232490e-01,6.356492309900197979e-01,5.193922375304063088e-01,4.138914588643363146e-01,5.894520156619905693e-01,5.069965685791067989e-01,6.457756783428015845e-01,3.885110393907056370e-01,4.791912449059717583e-01,6.219562499793550581e-01
6.198163729593292315e-01,6.371354243609899104e-01,4.648817352845448503e-01,1.316465768416237858e-01,0.000000000000000000e+00,5.388798051352668983e-01,5.469162873838508965e-01,6.270854756707958666e-01,4.919677451459443795e-01,3.985053768877957481e-01,3.350630511225837216e-01,4.255618401882610424e-01,1.016365471567378942e-01,2.466639905376752095e-01,1.938730553307540794e-01,6.549523637278303889e-01,6.817788238572810577e-01,4.752436409571695886e-01,6.130959155707180752e-01,7.125713203520389616e-02,6.952868906451461495e-01,4.805747107464676260e-01,1.667525272588613328e-01,2.656594541576167146e-01,5.491700382685896775e-01,1.992340345457288553e-01,6.557095119534094296e-01,5.783815747516729555e-01,3.047689795204508445e-01,3.024145116230749775e-01,6.613557111006627132e-01,1.670583311263452164e-01,5.534438602282930608e-01,4.898287138754818804e-01,1.855706184033860395e-01,3.037937510472036862e-01,4.979568871179264056e-01,5.272482622970700028e-01,3.592311834863812781e-01,3.548109736705240547e-01,5.045321004202287796e-01,4.342125952495506924e-01,5.123616545866215288e-01,6.543635278435905311e-01,2.550082578308195957e-01,5.724797164023432972e-01,3.228377934177463215e-01,3.994464601726465114e-01,6.154637804073660456e-01,3.553899183307278609e-01,1.751324457439639160e-01,5.024329274112467880e-01,2.822595412781591651e-01,2.352219601482403999e-01,6.329455094380833646e-01,7.990336268482874926e-01,2.283978476503497890e-01,4.128146020997824905e-01,3.099495761893092949e-01,5.817314755574188867e-01,5.814171656938661448e-01,6.969844859069143084e-01,6.121014823060401122e-01,5.612078295098413827e-01,6.876310061784248751e-01,9.354817968708348253e-02,5.981663443342957187e-01,5.781753138329395192e-01,6.833830522061006274e-01,7.108964222863597415e-01,6.598344575114341026e-01,5.090388217395668269e-01,5.332899854952923846e-01,4.532079966061754450e-01,5.821814847225749157e-01,5.602093641120934331e-01,5.691035877371963814e-01,8.552537400220093511e-02,5.181729100553373879e-01,3.388024895695851413e-01,3.217575162263232591e-01,5.087628863160262860e-01,2.210597460990406868e-02,1.750913490507070847e-01,6.369808681470680023e-01,5.767531275470960672e-01,6.018911202060726051e-01,3.531716058981216877e-01,6.258293171184551307e-01,4.929215027088209577e-01,4.268298534548349288e-01,5.501420606558470316e-01,5.697109949518017746e-01,4.937682897182761321e-01,6.060598989699121919e-01,5.451303705365055929e-01,6.219051578886032328e-01,3.073955714828593422e-01,4.000052065642460963e-01,6.347709463304799238e-01
5.532653394218585152e-01,7.357773071710895785e-01,7.251108136771556856e-01,6.276012810233085881e-01,5.388798051352668983e-01,0.000000000000000000e+00,7.310922244685650329e-01,9.337602213383767724e-01,8.648166290311295468e-01,7.526093513832716742e-01,6.464435303486735229e-01,8.242275161064087641e-01,5.551402379651569907e-01,6.753190773591831730e-01,5.265362785945754132e-01,9.091614444710381937e-01,9.661077212667531500e-01,7.318957342295046020e-01,7.633202469600786078e-01,5.882547949628262884e-01,8.610890539137668886e-01,5.685023644253615061e-01,6.175069802994044288e-01,5.942522898762778727e-01,7.156983793933804350e-01,5.663414716371104607e-01,7.875296888555931574e-01,8.805383444952987748e-01,4.682358483332625942e-01,7.067880985424536133e-01,9.268963408160962869e-01,4.447240971742943416e-01,1.079987854338986392e-01,7.978771196203525706e-01,4.988763994442656502e-01,7.535287244186962274e-01,3.454941750132401457e-01,8.573750701761116977e-01,6.482243261852851379e-01,7.615677405632187424e-01,8.786612722573625689e-01,3.701503866034747681e-01,8.928670904272235642e-01,5.730237791103605094e-01,6.607199301987988216e-01,8.557752218571123004e-01,7.549148031535374281e-01,3.298145661145996388e-01,9.051076343375735744e-01,7.370526616682426813e-01,6.547749474902773148e-01,1.045788007404961362e-01,7.319950211941901319e-01,3.623420345891676941e-01,8.635798999714262569e-01,8.187699953977511935e-01,5.343945481446150669e-01,4.687388849744429931e-01,7.060194700817250535e-01,5.370153454385434566e-01,8.060531884762506261e-01,8.876476071874187523e-01,6.636108554322804887e-01,5.804718797153338716e-01,9.305666024012282378e-01,5.952313540458615826e-01,7.761271110591788647e-01,5.795190503449361152e-01,7.655849466021993344e-01,8.538899546996344680e-01,8.208140272761191847e-01,6.079059483213432591e-01,3.389100187424629596e-01,1.264854777459420709e-01,9.310381098517678256e-01,5.751715090238397332e-01,9.239251628138402950e-01,5.378464705373198207e-01,9.663308102464092386e-02,6.671182271036062428e-01,6.943124176343433707e-01,6.386876529015435289e-02,5.517884732417224214e-01,4.462249024109176121e-01,9.172370402550726887e-01,6.183918229789792109e-01,7.431549179344597578e-01,6.412736601532522673e-01,8.370997725999308470e-01,7.267496658457585079e-01,6.527680477897671585e-01,6.727735667320552948e-02,8.229509479117724791e-01,8.322954233806326707e-01,7.522029014248652334e-01,7.739422476939549211e-01,6.032205004724989772e-01,3.566883490766382114e-01,2.897384132771397280e-01,7.586727570716156333e-01
4.043429921331916366e-01,1.794053077929012585e-01,1.518264627369797504e-01,5.248176983540842055e-01,5.469162873838508965e-01,7.310922244685650329e-01,0.000000000000000000e+00,4.280950159665089516e-01,4.768047177503391132e-01,3.270922240146967863e-01,2.708114826207586034e-01,4.902569098823398863e-01,4.734889174329225403e-01,6.829125732025400630e-01,6.803505651833520185e-01,3.171658598793956618e-01,4.383615565428954919e-01,1.443029697546460988e-01,9.965690010305283675e-02,5.498194514444796344e-01,2.221359306485271856e-01,2.452203063377554892e-01,4.491585133950787845e-01,3.322403574515875868e-01,3.954018182413054916e-02,3.927425954213435433e-01,1.615997063811860368e-01,3.479160692421730539e-01,3.773000741743993136e-01,3.965428409504574425e-01,3.559983949839599648e-01,6.285980661343373299e-01,6.914953949883190232e-01,2.695188599330021750e-01,6.688725263652400832e-01,6.183637107855730619e-01,5.005769674764163346e-01,3.720711068545274336e-01,2.411233250232089897e-01,4.376168383872524603e-01,5.001567481385420511e-01,4.550715209654329074e-01,5.415269877916430996e-01,4.302809132122704106e-01,7.037740839358527234e-01,2.850930953248597133e-01,4.935850855393453251e-01,4.886191706461185391e-01,3.595448267411407994e-01,7.603558985292955263e-01,5.094561309867704502e-01,6.660973535413433622e-01,6.434088322208263433e-01,6.240242831691591441e-01,2.281242054437968847e-01,4.097300155405473876e-01,3.768228707086586082e-01,3.519665353552177689e-01,7.314497944552217357e-01,3.758858890697848176e-01,1.407355581776285058e-01,2.518160202636007261e-01,2.427470009838074982e-01,2.953005388182818880e-01,3.375317120359315748e-01,5.827636479384331603e-01,7.907787409273511758e-02,3.169060317490538514e-01,2.353217374566362319e-01,2.345558055117500096e-01,1.650148900756946424e-01,2.029227274566290096e-01,5.282411862159031024e-01,7.029007593210505611e-01,5.129642888938189538e-01,3.015789442205374926e-01,5.172266627933785887e-01,6.059559816947395205e-01,6.756699787719063766e-01,2.815437428844670409e-01,3.417622505165198721e-01,6.912309758995265341e-01,5.382679207726931425e-01,4.824157542416562805e-01,3.620615973900572215e-01,2.590617051099565749e-01,9.745513583263519519e-02,2.459983216907062620e-01,1.756539258247608037e-01,1.018726911174196587e-01,1.600471308901352807e-01,7.091906114405688299e-01,1.991476368518294293e-01,3.607249465704354119e-01,9.546623941598847418e-02,1.089136850075585333e-01,3.446839299829013159e-01,4.874770592837379124e-01,5.241447571772391845e-01,1.457249917092279246e-01
7.357748964078341114e-01,5.476494756311075518e-01,3.547298236330904131e-01,5.516617303277073781e-01,6.270854756707958666e-01,9.337602213383767724e-01,4.280950159665089516e-01,0.000000000000000000e+00,2.390617148150830373e-01,3.012423268035627766e-01,4.275816346655637590e-01,3.190018349392656494e-01,5.703080944417971976e-01,6.691451128857964781e-01,7.444569929714501821e-01,1.960738328299074795e-01,9.474310722737586121e-02,3.502908495220046214e-01,4.649722433028238289e-01,5.985175450909145933e-01,4.259054972886567314e-01,5.887796011830651599e-01,5.085704090128480015e-01,4.879628681637402932e-01,4.575387051887754297e-01,5.270155640908908978e-01,4.927921707036426180e-01,1.046920387534297503e-01,6.126394287864871391e-01,3.909265218593013791e-01,1.541834804954485549e-01,7.354411726748298905e-01,9.153927985476566498e-01,2.316593094144467069e-01,7.461805070632077097e-01,5.425200788472347435e-01,7.770275937482526984e-01,1.423429217149818626e-01,4.276298503849947918e-01,3.516984288612689524e-01,2.488107567115366847e-01,7.265475234002026772e-01,2.895197069161794534e-01,7.584162989911708008e-01,7.003078707124458235e-01,1.724484114337890284e-01,4.091990196981660222e-01,7.384206496663591190e-01,9.313743232390589433e-02,7.213757164417399226e-01,5.184111946045411035e-01,8.845664475976277030e-01,5.876691562452380779e-01,7.647431076995504506e-01,2.788239544882054610e-01,7.037134917943084211e-01,5.507193039578601734e-01,6.432593779572329806e-01,7.053398767176235484e-01,7.096205384480646083e-01,3.244782148579448133e-01,3.690691449048592587e-01,6.118808789710222795e-01,6.477253553890935933e-01,2.252252564711074434e-01,6.208429978107111724e-01,4.170426211047821852e-01,6.661775130374585352e-01,5.760325373766097545e-01,4.742513034093850388e-01,4.371656769221851091e-01,5.675332791963614287e-01,8.052287827035782275e-01,8.888571949607486644e-01,1.796432962378941844e-01,6.521104731169615754e-01,1.997160956437229462e-01,6.731280934572071439e-01,8.951734973947738094e-01,4.034381849336166614e-01,3.820099206303342321e-01,9.013129435852040849e-01,6.131466506458732590e-01,6.454833088604565727e-01,1.103588018138489807e-01,6.233636044481906113e-01,4.829691489306038865e-01,4.354696639240810963e-01,3.328894678670080154e-01,3.753888370482518222e-01,4.462373028622532156e-01,9.248602390961323527e-01,2.618942328194021618e-01,1.851338312279065257e-01,4.736948420294498363e-01,3.414625320938668440e-01,6.912687657947950148e-01,7.046645499725078254e-01,7.628159353117827113e-01,5.075181356203737337e-01
7.430626115159472134e-01,6.074030551999064498e-01,3.652053886932876692e-01,3.967343242776838474e-01,4.919677451459443795e-01,8.648166290311295468e-01,4.768047177503391132e-01,2.390617148150830373e-01,0.000000000000000000e+00,2.136003859859461063e-01,3.629288984439931753e-01,9.924500921568621403e-02,4.443304173388893941e-01,5.046196125541373423e-01,6.066552251050619793e-01,3.709190259111678767e-01,3.196378886343494430e-01,3.678738828285982865e-01,5.358790938340686205e-01,4.511888726801528415e-01,5.440722174371072084e-01,5.822915791163851829e-01,3.716862286620357669e-01,4.022549302760891066e-01,5.015899328960803372e-01,4.231764290892220948e-01,5.745098230584069210e-01,2.384005688561414427e-01,5.477883568631534139e-01,2.496941234386781949e-01,3.492095652411942308e-01,6.126634339747207836e-01,8.569063058950584510e-01,2.483806095515121715e-01,6.129592738750544445e-01,3.554267871753458152e-01,7.389955750098466947e-01,1.604478662212795170e-01,3.778955577699276702e-01,1.748049360144443565e-01,3.299300760164620983e-02,6.815059027116524559e-01,8.964539088403393474e-02,7.706950978704845134e-01,5.404715126843059325e-01,2.883589466395647949e-01,2.176594057618583822e-01,6.816144817909602915e-01,2.771416392198194911e-01,5.569001900516320491e-01,3.577418900818319369e-01,8.202446349171700346e-01,4.080329942362236895e-01,6.567102485144056256e-01,4.116513602969709695e-01,7.774692726616991845e-01,4.622597092705857946e-01,6.065078299880545254e-01,5.412956062029750104e-01,7.113645531668419952e-01,4.136848381406382780e-01,5.060915919157892295e-01,6.465093517989999317e-01,6.568333026894245252e-01,4.077245880399298916e-01,4.696008340147399540e-01,4.929921533749965779e-01,6.767228687732687042e-01,6.457380125887589584e-01,5.841588163760442765e-01,5.362840069835360657e-01,5.747811734172466602e-01,7.705126777061002130e-01,8.078819820676431673e-01,1.254188428825684931e-01,6.599354869727620532e-01,1.078804111941486094e-01,5.334969101679440939e-01,8.323237189497593169e-01,3.322397067213860300e-01,2.745515493127845819e-01,8.337173482516373468e-01,4.760464919672917627e-01,5.455851179226280934e-01,3.065315431584930139e-01,6.430584862132495694e-01,5.445988916536502744e-01,3.836897099898328167e-01,4.453989998858067789e-01,4.029586866500000086e-01,4.339680543235699961e-01,8.624079538785709431e-01,3.572882422079775022e-01,1.521833535406524052e-01,5.393713775361510532e-01,4.051077931126526033e-01,7.100462191337273410e-01,6.298923882757938575e-01,7.011610409169490854e-01,5.766938874318217056e-01
5.997329543417493358e-01,4.708096571122744600e-01,1.938148499951686532e-01,3.229638321744690010e-01,3.985053768877957481e-01,7.526093513832716742e-01,3.270922240146967863e-01,3.012423268035627766e-01,2.136003859859461063e-01,0.000000000000000000e+00,1.748541039773379990e-01,2.048290324479651869e-01,3.270247690484031078e-01,4.862369652035044565e-01,5.418030161962450464e-01,3.361578382087463401e-01,3.646351302901803537e-01,2.007927239665419084e-01,4.019212619577591239e-01,3.725916798265024865e-01,4.466587814763541830e-01,4.203896615152109550e-01,2.578522659250468418e-01,2.330551435776833380e-01,3.500843107836552059e-01,2.740907479248654299e-01,4.496170564698249161e-01,2.328922262905714913e-01,3.910935292120723550e-01,1.263942616107876504e-01,3.390016847801338717e-01,5.218713678389748090e-01,7.373078810663660221e-01,1.279327980443691892e-01,5.402455800307081057e-01,3.760757581264983496e-01,5.976439664236888882e-01,1.753762734839490189e-01,1.892327128040920126e-01,1.405051718675114358e-01,2.414831445522152564e-01,5.352774255458344621e-01,2.840776922573999830e-01,6.308554935226720062e-01,5.175590634833779902e-01,2.302622787543162075e-01,2.151157768852356711e-01,5.399253763765969882e-01,2.796651091213180895e-01,5.632349379995629235e-01,2.892028602186235142e-01,6.997586034530526300e-01,4.155185635923223653e-01,5.529060721423171287e-01,3.309333982857767809e-01,6.625879618349297395e-01,3.063503867706051653e-01,4.486318898471177152e-01,5.363345177424176935e-01,5.641377920509015320e-01,2.951242194184873213e-01,4.253836035473351762e-01,5.012095881152534016e-01,5.051455547802881085e-01,3.778615721635507629e-01,4.035374656415395278e-01,3.613228497220159485e-01,5.273101323263855722e-01,5.176782973009084188e-01,4.813451699971896813e-01,4.227107167264880783e-01,4.144340379367484339e-01,6.319112949634504428e-01,6.979298316461984841e-01,2.982209031532439547e-01,5.083230615283585996e-01,2.923546018922975054e-01,4.568019808123638392e-01,7.123808450684462334e-01,1.404968616080585209e-01,9.898831873167625306e-02,7.169126216982981692e-01,3.829118020028807190e-01,4.143935144876016996e-01,3.069096453673391678e-01,4.925116067650416318e-01,4.052091274524159958e-01,1.962148070953849965e-01,3.437154205680436059e-01,2.404545850975295385e-01,2.552684793612184921e-01,7.457155320082003991e-01,2.534988339555887538e-01,1.331014510856418920e-01,4.022146041777420189e-01,2.673301238849261074e-01,5.656911168153085923e-01,4.910663486651422049e-01,5.643723223887847640e-01,4.436746426469164173e-01
4.856704793313473267e-01,4.010207443237299163e-01,1.623625265624832892e-01,3.013486869225057152e-01,3.350630511225837216e-01,6.464435303486735229e-01,2.708114826207586034e-01,4.275816346655637590e-01,3.629288984439931753e-01,1.748541039773379990e-01,0.000000000000000000e+00,3.375548869095795212e-01,2.492050718811794630e-01,4.844216718055717186e-01,4.907210463261592603e-01,4.119721576888541459e-01,4.750311313439609662e-01,1.751566512776308593e-01,3.535006017431768233e-01,3.320047817099913701e-01,4.420114954313836275e-01,2.903675904067669622e-01,2.125967059220740529e-01,9.139788975568598206e-02,2.809208148261957971e-01,1.608045375113392461e-01,4.055901163343772486e-01,3.520726102851894912e-01,2.451743277923646713e-01,1.792339794316545887e-01,4.288705576774332062e-01,4.451695887692967424e-01,6.253071214989877058e-01,2.317359225221790331e-01,4.812685499134153888e-01,4.217023520045928286e-01,4.692607792050866311e-01,3.199191885313262818e-01,3.646769568186622457e-02,2.528952056554920613e-01,3.873002767285553816e-01,4.010444158059234820e-01,4.220787480603782060e-01,5.212932865031659757e-01,5.082385710400204593e-01,3.229603157141034409e-01,2.976626804897954948e-01,4.080590510713185126e-01,3.893559773808328850e-01,5.736996127873347229e-01,2.851173885170777966e-01,5.864689618577005881e-01,4.446016474304677057e-01,4.594896109829021968e-01,3.717752579357858078e-01,6.015769946348356045e-01,1.699964234959584208e-01,3.063269822458110081e-01,5.401811451949521947e-01,4.450703619444159043e-01,3.051239859590392234e-01,4.436604678810890934e-01,4.052171522346374455e-01,3.882704289240758166e-01,4.479361847254616502e-01,3.699269241920280504e-01,3.285300335175204145e-01,4.121097780655320064e-01,4.549893687016366428e-01,4.634265506210325514e-01,4.019072574436247658e-01,2.956789423567582342e-01,5.067336708723300109e-01,5.937155335489259222e-01,4.419064899692025095e-01,3.906354470543206281e-01,4.366279683562095948e-01,4.029385301453419221e-01,5.996816023450649569e-01,3.855070751100506815e-02,1.189281777782198041e-01,6.067267992937319665e-01,3.230237208491092415e-01,2.993675011831188337e-01,4.091718850733469526e-01,3.836096966409013320e-01,3.455199394176621253e-01,3.557215922323483243e-02,3.586477719518911256e-01,1.971074346426206492e-01,1.368584557335095209e-01,6.359634673859367870e-01,2.983169121838859517e-01,2.853531492315086737e-01,3.477166415398719734e-01,2.604001532873721492e-01,4.575020822448880864e-01,3.615895951148019871e-01,4.365638448331735089e-01,3.867474305410827928e-01
7.331412400649636174e-01,6.199954716380694508e-01,3.730949342374699218e-01,3.226726705486776536e-01,4.255618401882610424e-01,8.242275161064087641e-01,4.902569098823398863e-01,3.190018349392656494e-01,9.924500921568621403e-02,2.048290324479651869e-01,3.375548869095795212e-01,0.000000000000000000e+00,3.827356740162590198e-01,4.303426276753595237e-01,5.401207740522904199e-01,4.294034322262305636e-01,3.953559839824756783e-01,3.782462651184169133e-01,5.546640379975437130e-01,3.799774695120016754e-01,5.788898003270561698e-01,5.699243396036676179e-01,3.072117728055267505e-01,3.628542305742259999e-01,5.120698933511760309e-01,3.733340333569329927e-01,5.959122130442362497e-01,3.036444082298668246e-01,5.115615346199204883e-01,1.948640045110180408e-01,4.139059658902494165e-01,5.511107895849988170e-01,8.202967150810777097e-01,2.787483549653132497e-01,5.478734442339172617e-01,2.742245170844839763e-01,7.109250933827750973e-01,2.245542769060844823e-01,3.582487951231727030e-01,1.079291964415672184e-01,1.071238942019226842e-01,6.511571031610527971e-01,1.193911786879405940e-01,7.624625970860742230e-01,4.680471667785843781e-01,3.405265507236430178e-01,1.298179537355754753e-01,6.463873505257377028e-01,3.451467536352887944e-01,4.869750973151583673e-01,2.816336530748271283e-01,7.813523308143798252e-01,3.292459493149785255e-01,6.008080233025914207e-01,4.563589713946642479e-01,7.928652696601007355e-01,4.181566352730574643e-01,5.809304301872167953e-01,4.695188089995424030e-01,6.996339389572979739e-01,4.449951065067913047e-01,5.481650091423798665e-01,6.487563159755205255e-01,6.489192044080041022e-01,4.667556712803525576e-01,3.970006714731167952e-01,5.153023338204864023e-01,6.690138835215824198e-01,6.611772880395961893e-01,6.152152494314965248e-01,5.648723283334955436e-01,5.681858397703564156e-01,7.435485337683335194e-01,7.625905465742829348e-01,2.128933504604305083e-01,6.514530674039265001e-01,1.932633117248032939e-01,4.654353642553746839e-01,7.940075726924687993e-01,3.071192997210326903e-01,2.377958710253141317e-01,7.935716639331916733e-01,4.089125766279079199e-01,4.937904767806685635e-01,3.740422217001956873e-01,6.395928376673505333e-01,5.597412035092486082e-01,3.625152521244904835e-01,4.821132994610884959e-01,4.137062851072343950e-01,4.262873067385667403e-01,8.242804757780693992e-01,3.953019419298856030e-01,2.009467431967849327e-01,5.561605876650639324e-01,4.286283061991753018e-01,7.050563539888830000e-01,5.877332877455641036e-01,6.637499517722543763e-01,5.935423695516396370e-01
5.712732898762136191e-01,5.712051395771687856e-01,3.867780406237332769e-01,1.270177297161104446e-01,1.016365471567378942e-01,5.551402379651569907e-01,4.734889174329225403e-01,5.703080944417971976e-01,4.443304173388893941e-01,3.270247690484031078e-01,2.492050718811794630e-01,3.827356740162590198e-01,0.000000000000000000e+00,3.083376279885041149e-01,2.828489237925521649e-01,5.905355678232048211e-01,6.247597363671612003e-01,3.977247429621062480e-01,5.434669131647232865e-01,1.169364476154661631e-01,6.287462134332288954e-01,4.154760164841924119e-01,9.338670288249834028e-02,1.756946397431277396e-01,4.765921823558299519e-01,1.058216949358082720e-01,5.883813314605236267e-01,5.153486358245343846e-01,2.462381845672134695e-01,2.345409082166429182e-01,5.990147789227588948e-01,2.408520341085480521e-01,5.578418249290795217e-01,4.187683974063243220e-01,2.728792837997008891e-01,3.151746710947193608e-01,4.688593795999425606e-01,4.658643515285754710e-01,2.747134561596973334e-01,3.009760703043439789e-01,4.602242016089312382e-01,3.994288803512830444e-01,4.747981086886156610e-01,6.071771119648229353e-01,3.250803017995339550e-01,5.052917094958592203e-01,2.847908103683894354e-01,3.737493643048847569e-01,5.534006612880589815e-01,4.140603488317304848e-01,1.518830544722234166e-01,5.087272005002104747e-01,3.106472371271193356e-01,2.831762705490671883e-01,5.647719443077678925e-01,7.428285235211979920e-01,1.462206087185082548e-01,3.581843318221340500e-01,3.718752214501059306e-01,5.312444604426189709e-01,5.096565218087322213e-01,6.308115685649866577e-01,5.498962800960002228e-01,5.029475769535052265e-01,6.242990139478932221e-01,1.599806212280498741e-01,5.270599201119829935e-01,5.218444443180609849e-01,6.197429928130464560e-01,6.453164567637931226e-01,5.917478977617517399e-01,4.418993739333214599e-01,5.067275128027850517e-01,4.781121859657822548e-01,5.361994994717184104e-01,5.025127584742082876e-01,5.243460143867556544e-01,1.814123481236162294e-01,5.243329172389517012e-01,2.543835694149811366e-01,2.438096530053850131e-01,5.202893909716839183e-01,8.929474225443562174e-02,1.519214652908941476e-01,5.750652808985482478e-01,5.156046968765193306e-01,5.323128946839400522e-01,2.683222772228830988e-01,5.562838669617666820e-01,4.160882157244762958e-01,3.472794110828534841e-01,5.591664057630795215e-01,4.987743563899916799e-01,4.307330614479393249e-01,5.363701376104741403e-01,4.712800995262746984e-01,5.674538609860647620e-01,2.859393608694704159e-01,3.833213279994752698e-01,5.671571617160132694e-01
7.835393987620429268e-01,7.783973440184763781e-01,5.921480800759378882e-01,2.226176520096290190e-01,2.466639905376752095e-01,6.753190773591831730e-01,6.829125732025400630e-01,6.691451128857964781e-01,5.046196125541373423e-01,4.862369652035044565e-01,4.844216718055717186e-01,4.303426276753595237e-01,3.083376279885041149e-01,0.000000000000000000e+00,2.187923263205081292e-01,7.316100906997512476e-01,7.283351456333477802e-01,6.010084935490367375e-01,7.455933959411249479e-01,2.065179913759828401e-01,8.068263840466265435e-01,6.524997082229794243e-01,3.112291237404526401e-01,4.384625443158395308e-01,6.902230581436451518e-01,3.884623161227267474e-01,7.854671905809992305e-01,6.409038455655412525e-01,5.054840520023883288e-01,3.901308184761300146e-01,7.285526366613029881e-01,3.059208619249571548e-01,7.020650900298672781e-01,5.786445416016499088e-01,2.482412728648855926e-01,1.981094673788683092e-01,6.750011017846817563e-01,5.814809336726587397e-01,5.099843925747696849e-01,3.984516865069591685e-01,5.071824129521602664e-01,6.200534774623178702e-01,4.958128282431039646e-01,8.145210408481080577e-01,5.150268640310504825e-02,6.520398824185212883e-01,3.360816326933677156e-01,5.873708050831824012e-01,6.768895290395060549e-01,1.298763657000617244e-01,2.438128795226729151e-01,6.558769744678292213e-01,1.369150462253488354e-01,3.924859210032692891e-01,7.289079009399039855e-01,9.316901337773112468e-01,4.274435086793095251e-01,6.002991432385300641e-01,7.873980485627220249e-02,7.493160369628674156e-01,6.929720344683072408e-01,7.982252394268449791e-01,7.660689628910219984e-01,7.271175253723080045e-01,7.635373464335070137e-01,1.667923170576816050e-01,7.248038973379765659e-01,7.431605407863861590e-01,8.205759542031264564e-01,8.275228502833031907e-01,7.797900563947856023e-01,6.737908991523114954e-01,7.055139306881584860e-01,5.911746459413745880e-01,5.881799444811023347e-01,7.266791302170280131e-01,5.714924974856455675e-01,2.053427697117724826e-01,6.695973790238693990e-01,4.764263419142124589e-01,4.334299130912575571e-01,6.555304357470740362e-01,2.438867512390386350e-01,3.949840018136706044e-01,6.996969068132450342e-01,7.377338851932305763e-01,7.391574567435662546e-01,5.067442481533557253e-01,7.329898773686729374e-01,6.239461971131159412e-01,5.802607542413305008e-01,6.940965634277730389e-01,6.695126498707330009e-01,5.530208582815576701e-01,7.411380312618570665e-01,6.640624935382516414e-01,7.823694388066222416e-01,5.064577727410851660e-01,5.842953263597194802e-01,7.704485293379332855e-01
7.146534817656962080e-01,7.574968929557025499e-01,6.078734388847260028e-01,2.745739254406623364e-01,1.938730553307540794e-01,5.265362785945754132e-01,6.803505651833520185e-01,7.444569929714501821e-01,6.066552251050619793e-01,5.418030161962450464e-01,4.907210463261592603e-01,5.401207740522904199e-01,2.828489237925521649e-01,2.187923263205081292e-01,0.000000000000000000e+00,7.786477444445262242e-01,7.971403892977797501e-01,6.172638991491489202e-01,7.398484318218850886e-01,2.162201509202296146e-01,8.175204564409517261e-01,6.037293529773440914e-01,3.351623837945755247e-01,4.273858079934332865e-01,6.810289758627857681e-01,3.676272852368449584e-01,7.784155567391451980e-01,7.042647546919150736e-01,4.334116418450781882e-01,4.508690956158888374e-01,7.828986437466644022e-01,1.279776512799781496e-01,5.637222603770070117e-01,6.272156587058258514e-01,4.030407346949915065e-02,3.660009413654903287e-01,5.701959781909705649e-01,6.541002836470288795e-01,5.120499431467382401e-01,4.869380412388137347e-01,6.146322481103904112e-01,5.201926093019584307e-01,6.139396218263482030e-01,7.460486290848468149e-01,1.912724871594831677e-01,7.023946330362824675e-01,4.437910017533867046e-01,4.762261299337117726e-01,7.387201661338740344e-01,2.943411371867822868e-01,3.145803537080986145e-01,5.137201380875001666e-01,3.209882670163548002e-01,2.204562425805017545e-01,7.605387525207121246e-01,9.021366323344707228e-01,3.862604364516525335e-01,5.267151939219988366e-01,2.523910897515052043e-01,6.808009914067079116e-01,7.138264423874539633e-01,8.196174297306860757e-01,7.271982681776031354e-01,6.720803845571933222e-01,8.089522575323242481e-01,1.869935162957421237e-01,7.278159974197783155e-01,6.857463011647434437e-01,7.996392421838663944e-01,8.309570215174491015e-01,7.843254439913837084e-01,6.338327006211842418e-01,5.990410261196529307e-01,4.318820773285377279e-01,6.895717664746299214e-01,6.703269368150700513e-01,6.757616199401523804e-01,1.165353162833100836e-01,5.281626292166849979e-01,4.940668391592074604e-01,4.750746079363444285e-01,5.090787017035085515e-01,2.084661898827963322e-01,2.993858160298901727e-01,7.591552294192952521e-01,6.912075106747883613e-01,7.285058143915461581e-01,5.063976184391741908e-01,7.543979309737728345e-01,6.329258724145997439e-01,5.707878359968503457e-01,5.516141520534446618e-01,7.025841630655661474e-01,6.240231146500045956e-01,7.328804577328021930e-01,6.807061810531706003e-01,7.253948263678019481e-01,3.926487704568736858e-01,4.632784008374743467e-01,7.579378960851727021e-01
6.485941788855109635e-01,4.225734641926103263e-01,2.932662552408651924e-01,5.975482525788050614e-01,6.549523637278303889e-01,9.091614444710381937e-01,3.171658598793956618e-01,1.960738328299074795e-01,3.709190259111678767e-01,3.361578382087463401e-01,4.119721576888541459e-01,4.294034322262305636e-01,5.905355678232048211e-01,7.316100906997512476e-01,7.786477444445262242e-01,0.000000000000000000e+00,1.643860540175571539e-01,2.836478517923468057e-01,3.331364933729373812e-01,6.375396137254738527e-01,2.643734585580637675e-01,5.122681193385877352e-01,5.400319116775257333e-01,4.808707722309886190e-01,3.476597397997694960e-01,5.310634561142598686e-01,3.530129720861489018e-01,1.552011723025670809e-01,5.816367515970549684e-01,4.371287418022155036e-01,5.472178392532749819e-02,7.538416405480485860e-01,8.815251016512861693e-01,2.278570575940736809e-01,7.755053266097455822e-01,6.262568489026439922e-01,7.239681548646256237e-01,2.369114115132120169e-01,4.002968193769764760e-01,4.278363928343775768e-01,3.879327400798937009e-01,6.785180538690926966e-01,4.313843212706004460e-01,6.682382221408131873e-01,7.590531374579824186e-01,1.235565014941222839e-01,4.907123198401061592e-01,6.998103309578822540e-01,1.178839458889006375e-01,7.923638753199385709e-01,5.697563285359237284e-01,8.546579820135595806e-01,6.647322249976216346e-01,7.700442937959693923e-01,1.113794687091887448e-01,5.763058643461150821e-01,5.411717312458595996e-01,5.891681906453190010e-01,7.720159592130813042e-01,6.260281498124583566e-01,1.933503926072840939e-01,1.973116143556096491e-01,5.042632048373428821e-01,5.584728762712344308e-01,5.264275989481483758e-02,6.641925617064656784e-01,2.838930172923194717e-01,5.759012340185006851e-01,4.450614511242547700e-01,3.188244861983310363e-01,2.860592384582923420e-01,4.809841396225310595e-01,7.500494421325235583e-01,8.732704304813991847e-01,3.477522532972415203e-01,5.637961722089497307e-01,3.627922639067115429e-01,7.062672458584198232e-01,8.643318388572842625e-01,3.972250323109656200e-01,4.065731325917732453e-01,8.746006515847699614e-01,6.427360532516729341e-01,6.425251580749978819e-01,9.234965389029566041e-02,5.264231888250111568e-01,3.575052080269304211e-01,4.084769590726192168e-01,1.765312392850948153e-01,2.926999100202702375e-01,3.853624459336617569e-01,8.945361020823702214e-01,1.494910402307434161e-01,2.626232789533501921e-01,3.454968424264597826e-01,2.324368905411639541e-01,5.953865451797470953e-01,6.805491053994374706e-01,7.283319614629930605e-01,3.760891612116946114e-01
