0.000000000000000000e+00,1.647087260615580917e-01,2.816444292371211855e-01,4.499993337174014729e-01,4.133887905158940002e-01,3.467677498255234969e-01,2.222783693041285591e-01,5.500016175374438099e-01,5.595884520150953279e-01,3.924667112221905119e-01,2.864358397464457084e-01,5.465687481053626007e-01,3.640443050480105525e-01,6.152692328247295617e-01,5.229335824714459457e-01,4.446876147668537560e-01,5.650823036632075524e-01,2.826560426901328360e-01,2.165325914186566891e-01,4.457016070200582880e-01,3.082373832645638467e-01,1.132509016489252202e-01,3.861773489042333307e-01,2.858203746109603816e-01,2.005057787613943043e-01,3.092682621116507047e-01,2.210290253909177327e-01,4.686734513998153107e-01,2.050092606381075933e-01,4.075919410507407026e-01,4.814151419908920260e-01,4.309656914333049871e-01,2.846524171837889750e-01,3.837412124180440975e-01,4.969623896294539933e-01,6.074613927937361213e-01,1.305207849244378049e-01,4.774757011919033567e-01,2.694473448512982872e-01,4.698182500662662631e-01,5.861386475654323247e-01,1.423852072612009911e-01,6.293821382972766276e-01,2.220326688819626929e-02,6.256348797972771658e-01,4.157469368595665959e-01,5.063543962628702655e-01,1.798011139796981128e-01,4.839278699526106675e-01,7.331209497653208285e-01,4.551217391636803167e-01,2.819273908100918824e-01,6.157418580848793566e-01,3.835518794661012532e-01,3.677092780422770990e-01,2.012909776032922871e-01,2.715896424985482227e-01,1.327212483603475435e-01,6.823374840806810671e-01,2.425309125509687511e-02,3.082580650680107892e-01,3.556053147191709507e-01,9.929337518888885217e-02,6.058715898392642157e-02,4.586644763370117950e-01,4.771849816908417807e-01,2.461624228984804486e-01,4.748132933262669969e-02,1.757065088587463630e-01,2.847517890590552381e-01,2.680630230775298828e-01,1.190740028499598646e-01,1.307143135963806102e-01,3.591403589411789610e-01,6.246684106904443201e-01,5.785325083249961281e-02,6.249703301060830496e-01,4.629316988019767098e-01,2.847005321862201010e-01,3.088374782597388957e-01,3.643513116161541388e-01,3.098355211010436205e-01,4.140466302907832574e-01,2.987782105625508278e-01,4.876168601937403979e-01,7.899872104770026826e-02,1.972460021696300358e-01,2.665315792382464410e-01,3.236184960998404470e-01,2.601010174390970819e-01,2.217514279147538292e-01,3.095690574380977611e-01,3.501393644043432340e-01,4.577951393824325477e-01,2.063400519700454294e-01,2.867213059027735045e-01,3.845374371955149334e-02,2.303407150419641281e-01,2.020487798922923350e-01,1.953056429907255309e-01
1.647087260615580917e-01,0.000000000000000000e+00,1.594287470668957485e-01,4.256115051339416366e-01,4.320337310916537166e-01,5.500047675291934723e-01,8.239873933380349735e-02,3.414880969304718850e-01,4.003704232008306607e-01,2.740635893624875363e-01,2.198337578916933488e-01,4.135787023948101493e-01,3.639779095080521998e-01,6.079593323085418222e-01,5.789633546664990638e-01,2.359286997259414098e-01,3.389839776007599337e-01,1.557295854880585417e-01,4.948734556141091978e-02,4.438873018916938973e-01,1.120678768370618611e-01,1.227204782385951098e-01,3.538814428942704815e-01,2.525361576374714478e-01,6.861148574606874828e-02,2.950595143687938515e-01,4.402374104913886477e-02,2.802675828908498534e-01,2.469735681032100005e-01,3.231699590460986871e-01,2.675152237325594817e-01,5.025796259162883528e-01,4.871919103122899775e-01,2.326663613964172483e-01,5.599390718639362108e-01,5.419063302724734799e-01,2.855052631895974580e-01,3.059902136190633670e-01,1.995682931176704089e-01,3.626170026785896505e-01,4.228027793239462762e-01,2.645363177257920584e-01,4.652665244778045883e-01,1.739340750320386708e-01,6.320716823463411460e-01,2.332806278745823692e-01,4.125349806874979430e-01,3.020919481553782093e-01,2.828213712042934591e-01,7.217870697241500766e-01,4.150581353742895940e-01,4.680418433709850889e-01,5.683027788239680689e-01,4.814265896357926011e-01,1.728517885184776282e-01,1.278374305400347133e-01,2.728111964961337232e-01,1.995573442260064612e-01,6.762830153106059727e-01,1.567094356374518493e-01,1.356738926960551483e-01,1.506479304453902657e-01,5.612906875059779643e-02,1.114952332813464175e-01,2.408717912096331459e-01,4.793350574940487552e-01,7.849541176663211994e-02,1.176187130545406218e-01,3.040992863097873727e-02,9.438946416851079491e-02,8.206469693976792268e-02,9.448505367966283930e-02,3.013058976763422492e-01,5.340471620064554115e-01,4.312982124177444088e-01,1.156476358507413371e-01,4.368295787216348591e-01,4.943890831537025576e-01,4.762248834702130229e-01,2.317463776015732391e-01,2.792318796076355691e-01,5.006185597708651125e-01,4.256962255340565604e-01,3.476471369942394918e-01,2.798729933196782427e-01,8.374770591948686727e-02,3.949566607625046299e-02,2.010353096219085478e-01,1.361061354904462561e-01,1.322666006164968933e-01,1.441803643435713711e-01,5.135308013927675219e-01,1.755674762499869479e-01,2.992070773999989108e-01,4.425094278849876772e-02,1.305592626190887895e-01,1.189560613683178086e-01,3.236849377625171109e-01,3.343766023242675245e-01,2.561685278710943564e-02
2.816444292371211855e-01,1.594287470668957485e-01,0.000000000000000000e+00,2.381339398713951672e-01,2.692126638391662552e-01,5.362037209660381887e-01,6.830489926642221987e-02,1.870890765087290797e-01,1.942894256580769974e-01,8.999389962753021055e-02,7.362189016143708131e-02,1.997917801113538450e-01,2.095001208421959360e-01,3.847540803020317313e-01,4.008585896400966853e-01,1.471458906716366921e-01,2.096351631096944612e-01,5.830575079754295349e-03,1.145536803226715888e-01,2.643999833372778774e-01,1.597599373272961532e-01,1.477341511878327851e-01,1.818100265113725689e-01,1.167034750250506708e-01,8.145784534489426687e-02,1.553708533830492344e-01,1.472159466818219187e-01,1.314471538629249925e-01,1.812588359321455622e-01,1.347634445645033985e-01,1.641226720488306035e-01,3.582736615152369852e-01,4.996441238361803427e-01,6.883403351133002279e-02,3.921260555127982217e-01,3.103928756908570508e-01,3.190934792793900798e-01,1.319741357675802973e-01,6.185863795900316958e-02,1.603980955324728341e-01,2.124032136732169618e-01,2.700062137113321548e-01,2.446872621792931524e-01,3.077474315349535416e-01,4.101699261466885127e-01,1.014637249274510516e-01,2.017791007564860850e-01,2.871419827348717368e-01,1.485454919965098486e-01,4.711180361179282405e-01,2.223405242242401103e-01,4.618202882349824456e-01,3.370121545022133347e-01,3.668645650597807673e-01,1.131069309309844229e-01,3.210255405711640031e-01,1.555256007769040549e-01,1.928253491613655946e-01,4.381033260056249601e-01,2.535698138547181069e-01,7.185361822363063589e-02,1.585830728217294538e-01,1.859929714095159836e-01,2.003125693808248120e-01,1.694538087885759658e-01,2.926919064229898115e-01,9.252499908097427950e-02,2.171693433506722837e-01,1.942933756304493498e-01,1.784669723308053568e-01,1.358687653920199467e-01,1.349986851019395473e-01,3.492000959330592846e-01,4.854763680974144013e-01,2.316176452256693552e-01,2.035560436675265816e-01,2.326934025667344308e-01,3.223496471673437669e-01,4.749649034981351936e-01,7.277310902429189043e-02,1.014304042228306446e-01,4.877981724972754174e-01,2.599965632926307113e-01,2.378794240792517500e-01,1.571818466188092400e-01,1.850638042549375417e-01,1.153749956691248052e-01,6.628088491101602475e-02,1.031034425510396341e-01,2.245832306345806398e-02,5.152436367054422095e-02,5.166083408725392623e-01,7.271193270351333782e-02,1.194753929620310240e-01,1.139145702286234602e-01,4.789968549831780803e-02,2.447844940087123278e-01,2.668254597766988589e-01,3.150022683817846336e-01,1.410890027001546199e-01
4.499993337174014729e-01,4.256115051339416366e-01,2.381339398713951672e-01,0.000000000000000000e+00,5.834696000862633902e-02,4.216992270888998418e-01,3.205354763490247394e-01,3.452549746614720916e-01,2.166989148394272424e-01,1.659673198242902770e-01,1.521827855157410203e-01,1.657785416161306757e-01,5.610375448500887208e-02,1.056727810840964871e-01,1.357344616934211545e-01,3.902347573370986700e-01,4.053062848266178464e-01,2.459715046282857365e-01,3.871362224914591255e-01,3.027326571139409353e-02,4.632187667830192646e-01,2.978538211619015663e-01,4.467207150570338958e-02,1.216922095600311837e-01,3.277230415996393864e-01,9.312018546038518252e-02,4.337353415431247639e-01,3.052331763126540642e-01,1.851966281458016783e-01,1.008724202489676008e-01,3.921865020905688781e-01,1.397854873125506658e-01,4.316123793585264767e-01,2.376462158724486629e-01,1.385247220361789655e-01,9.587201906833429932e-02,3.547631748522408479e-01,2.559221471448347440e-01,1.707106677250981863e-01,1.233906615697325099e-01,2.252469598786020488e-01,2.958506867695090969e-01,2.294612316611703007e-01,4.893182678768600025e-01,1.221947311228816085e-01,3.072295452398431936e-01,9.897413917719964649e-02,2.750255551863473036e-01,3.410580785058868192e-01,1.711271249067878586e-01,2.081302976339479555e-02,3.818631687568294075e-01,9.383709224099098800e-02,1.823765964592436173e-01,3.781642768643595498e-01,6.407184652635773414e-01,1.216725192604410366e-01,2.612201750753964102e-01,1.449114278369935394e-01,4.087334687384354681e-01,3.351383529421995133e-01,4.560647394449872105e-01,4.147008173682850130e-01,3.765904825761249297e-01,4.268114057364444935e-01,4.371019961741205023e-02,3.649481452574786511e-01,3.955960980061545840e-01,4.781558254338832969e-01,4.883056306119201717e-01,4.282434503887081467e-01,3.156848183859951029e-01,3.898046345480557506e-01,3.427460997517766117e-01,2.925695564484306344e-01,3.767055979353619022e-01,2.800857021494995713e-01,8.148193092719059616e-02,3.969827949089730912e-01,1.473863117100155384e-01,1.225026024100359240e-01,3.901284474281447312e-01,4.898025055893014124e-02,1.279406712388130585e-01,3.637924165261436360e-01,3.848668901704417888e-01,3.798000782852563040e-01,1.682847976151370384e-01,3.784793114189789476e-01,2.652716724608099597e-01,2.262225244650438449e-01,4.304112907636866714e-01,3.156746231108644163e-01,2.293777434383798830e-01,3.820370226605021569e-01,3.047342715466386798e-01,4.415512253265142517e-01,2.107449102169865474e-01,2.810040868819654314e-01,4.156617814455359494e-01
4.133887905158940002e-01,4.320337310916537166e-01,2.692126638391662552e-01,5.834696000862633902e-02,0.000000000000000000e+00,3.333439316438849276e-01,3.408025319656324825e-01,4.211450684955398427e-01,2.917714476372987864e-01,2.179915444189906570e-01,1.738884234944862439e-01,2.382049739109823039e-01,4.406710916179228110e-02,1.192918075058254368e-01,9.002490960137649045e-02,4.518209913177438919e-01,4.828281357197900525e-01,2.777232079436596779e-01,4.063055954957428551e-01,3.022523971404061927e-02,4.990178871201766397e-01,2.821589876193276170e-01,7.586167237340084302e-02,1.304064197222593591e-01,3.429126304939516534e-01,9.289260933204644688e-02,4.526758527132584975e-01,3.710125980500829646e-01,1.543333097492108064e-01,1.528517065658119012e-01,4.590873088583962147e-01,7.601823311062214095e-02,3.469364153421926611e-01,2.899527871772554777e-01,8.562858821033486612e-02,1.537189692748087977e-01,2.968982453709662073e-01,3.227275959238155578e-01,1.901684525054214425e-01,1.871443974837948832e-01,3.025861716963745285e-01,2.448570066161722958e-01,3.094414796176661042e-01,4.511569616911317859e-01,1.241346807960784226e-01,3.652209598230704568e-01,1.658855905258576346e-01,2.186799062546854466e-01,4.087917366584048473e-01,1.875392769890068256e-01,8.017750538020337880e-02,3.007634601355604342e-01,1.403867855322203095e-01,1.127497937714099924e-01,4.274706261090888137e-01,6.377299752675660294e-01,1.089015548032681857e-01,2.285716045827287102e-01,1.576124184111251658e-01,3.743263035760602819e-01,3.740145729182281498e-01,5.010806766777533561e-01,4.052645639803564293e-01,3.543218737470524293e-01,4.897935500108258067e-01,4.032283286612377976e-02,3.908653558490277069e-01,3.708091922926127770e-01,4.847302062993728011e-01,5.182277027332297115e-01,4.573534985730033364e-01,3.065211003102306653e-01,3.282158491850853954e-01,2.597973243601828242e-01,3.747729152733467739e-01,3.533665703746228237e-01,3.619342905134669830e-01,3.665152511606690339e-02,3.145882982781589288e-01,1.763670680623999343e-01,1.651857480541710499e-01,3.062793179553488510e-01,9.055855353742134350e-03,8.015620936070139146e-02,4.318648069226270758e-01,3.694086637918407856e-01,3.946799186660236991e-01,1.860281942607699135e-01,4.197976136803905356e-01,2.925844509413297878e-01,2.391741742236847545e-01,3.438252056381922439e-01,3.625241937826687022e-01,2.933073553632503105e-01,3.989786978429639697e-01,3.391362000067681959e-01,4.156074113252047897e-01,1.559925438206868631e-01,2.190890980433871926e-01,4.294544939097406644e-01
3.467677498255234969e-01,5.500047675291934723e-01,5.362037209660381887e-01,4.216992270888998418e-01,3.333439316438849276e-01,0.000000000000000000e+00,5.439094518184307558e-01,8.642002670553602384e-01,7.408664532187712037e-01,5.723445645274732874e-01,4.422929813647598629e-01,6.756946453016279275e-01,3.485417170751172744e-01,4.752245288244201227e-01,3.220845260620056050e-01,8.182424713633769109e-01,9.282172093931636558e-01,5.449510819937589678e-01,5.869286182127800844e-01,3.808345521171910830e-01,7.346646924857135330e-01,3.613510000736429029e-01,4.109453150516298447e-01,3.868835380042873751e-01,5.242481226252740933e-01,3.592595358286853058e-01,6.209908472071669072e-01,7.675275588711499841e-01,2.719515590930368099e-01,5.131187002789042717e-01,8.511473850673380026e-01,2.530671330134132146e-01,4.704304743641173070e-02,6.360306147343708361e-01,2.976899150264710192e-01,5.735849981812360943e-01,1.808390681220937712e-01,7.285302652627152487e-01,4.442751507124965693e-01,5.845223969404140796e-01,7.643009452893623212e-01,1.977301129131166790e-01,7.890196961898561234e-01,3.657523974534667155e-01,4.583621197297148009e-01,7.259014353560083732e-01,5.754591373381019448e-01,1.704339352859638446e-01,8.108835189234080421e-01,5.516731613110479326e-01,4.516208457638539175e-01,4.543996399903912908e-02,5.450798998649912797e-01,1.923094330415727748e-01,7.388038333699483706e-01,6.673148545264694365e-01,3.292253167287796933e-01,2.723636376253780744e-01,5.121671015532952564e-01,3.316280682113674216e-01,6.481249881643945665e-01,7.798568928585982718e-01,4.616662533225954768e-01,3.730780648264954147e-01,8.581045845218380208e-01,3.878770096092187813e-01,6.047544411377863138e-01,3.721356316853084989e-01,5.900497908543955727e-01,7.228141069318149148e-01,6.704431093967361255e-01,4.008923429322446830e-01,1.764385578915277919e-01,5.584678192185858064e-02,8.590020872096654214e-01,3.678551653868303295e-01,8.455528328643555636e-01,3.323922815712062051e-01,4.174577581647388735e-02,4.656979839902848917e-01,4.978366503652820185e-01,2.694849427895957758e-02,3.453743875434472366e-01,2.542509046503371728e-01,8.330809046063589740e-01,4.118803597848924580e-01,5.597107105959487905e-01,4.365739152215755148e-01,6.958112086398325902e-01,5.383065888032855240e-01,4.493612418555527621e-01,2.845593735750779479e-02,6.737266606088228027e-01,6.882446400353977589e-01,5.717968515852368538e-01,6.016829576291516934e-01,3.960473572603674941e-01,1.884262094110281116e-01,1.449669948407134867e-01,5.805647480850985032e-01
2.222783693041285591e-01,8.239873933380349735e-02,6.830489926642221987e-02,3.205354763490247394e-01,3.408025319656324825e-01,5.439094518184307558e-01,0.000000000000000000e+00,2.401431878637792505e-01,2.790180626686631915e-01,1.686532668250513012e-01,1.334768464416258571e-01,2.903163316547389128e-01,2.762717225583931069e-01,4.841718066905963402e-01,4.811393340838538424e-01,1.622242225212106592e-01,2.480807757821149040e-01,6.455806333553811005e-02,4.314666760332834528e-02,3.435221586904557700e-01,1.054049592441723276e-01,1.184601197112937071e-01,2.565732325982515438e-01,1.720270331089030214e-01,1.639767882051507142e-02,2.137989313622946363e-01,7.323417000575187241e-02,1.824692371269383828e-01,2.027528667806624829e-01,2.165593779539106978e-01,1.879546887964627377e-01,4.227715590803293177e-01,4.944336328326083829e-01,1.327042158342625899e-01,4.677240886285273236e-01,4.118506302658097584e-01,2.991572602306764028e-01,1.990738378127140940e-01,1.161097785504400515e-01,2.475005171366131684e-01,2.987942829812302303e-01,2.612882297838836076e-01,3.357894990868454110e-01,2.418221153309869920e-01,5.093948333134741269e-01,1.421159136423410518e-01,2.931508668288702046e-01,2.889272679781178521e-01,1.903838335606477250e-01,5.828631188978278255e-01,3.068869713206115457e-01,4.645218712954288787e-01,4.389295431768134859e-01,4.178666079426301971e-01,1.087480665151191739e-01,2.262702187427704792e-01,2.024158413995548467e-01,1.852095330210569157e-01,5.443727972212587529e-01,2.017548422300432243e-01,6.279575992313170263e-02,1.222747105045653981e-01,1.170395000105526884e-01,1.484077217102686419e-01,1.755231159637119231e-01,3.753511996441293297e-01,3.373144243450134500e-02,1.620572709738097306e-01,1.128063541975256462e-01,1.123723910780806967e-01,7.497339951741754938e-02,9.487910115763199814e-02,3.236257080620769666e-01,5.083196427638917436e-01,3.099728742370895240e-01,1.523272036224281034e-01,3.137468040070505171e-01,3.988711590302193022e-01,4.756352969281247289e-01,1.399511715183796856e-01,1.783392528821201861e-01,4.941151009435254537e-01,3.327802145650242682e-01,2.836999886889098876e-01,1.921159949833593228e-01,1.265094853831686683e-01,4.212602052106453193e-02,1.189080982614956483e-01,8.044784492854031854e-02,4.417707970451362903e-02,7.244637946399899719e-02,5.161017470953124242e-01,9.284621181056079697e-02,1.911951888519645426e-01,4.120681784022374450e-02,4.747323735050300308e-02,1.802950808180412423e-01,2.879608160942327966e-01,3.199301430881307806e-01,6.526310358957415625e-02
5.500016175374438099e-01,3.414880969304718850e-01,1.870890765087290797e-01,3.452549746614720916e-01,4.211450684955398427e-01,8.642002670553602384e-01,2.401431878637792505e-01,0.000000000000000000e+00,1.149325795173302689e-01,1.521160934833660217e-01,2.397497384579240498e-01,1.634058478958278493e-01,3.631046880523651210e-01,4.680394818260351086e-01,5.614375217170629595e-01,9.119938534353404236e-02,4.087325917447912765e-02,1.840737444853111082e-01,2.692863718144037355e-01,3.912239656464867044e-01,2.384674495098389468e-01,3.813613520508742361e-01,3.061107302691850607e-01,2.883716817605102567e-01,2.632691284525259801e-01,3.225173356630322008e-01,2.924741297469197754e-01,4.549291698825836533e-02,4.058274928226618394e-01,2.124856888802357235e-01,6.948724214058671356e-02,5.495656972178414312e-01,8.296710807236855612e-01,1.107358142185937144e-01,5.637296670942834043e-01,3.367097994636197300e-01,6.060240164169803379e-01,6.358866378805737296e-02,2.397866764507039228e-01,1.850276072465976696e-01,1.205319017081618316e-01,5.380468699278188049e-01,1.448323051200764988e-01,5.802151817102854103e-01,5.051374730574614835e-01,7.878936547439104043e-02,2.258752019133730693e-01,5.534671139301134968e-01,4.013384550683504054e-02,5.314346968587505549e-01,3.148004155103460988e-01,7.744921149956606188e-01,3.802472546787812879e-01,5.888880376474895373e-01,1.383003459925272460e-01,5.093201802690636715e-01,3.443678631701180826e-01,4.387643670187810763e-01,5.113268430097364092e-01,5.166369417066556391e-01,1.669505727776375015e-01,1.969754848204739450e-01,4.050338691869597163e-01,4.437191226216615769e-01,1.071258957890519337e-01,4.144782102197797635e-01,2.317447949727077239e-01,4.646141423695758776e-01,3.687003591560622517e-01,2.769018405478778644e-01,2.471493305965141718e-01,3.604120895300635952e-01,6.468969475314845230e-01,7.819719132067239897e-01,8.252286959647114895e-02,4.486226240606197568e-01,9.315159666806896444e-02,4.726656027194131027e-01,7.930988489752275328e-01,2.216112886654354186e-01,2.060929908261122379e-01,8.040485719989389768e-01,4.063587566454802680e-01,4.412267794931040155e-01,4.815389406809501838e-02,4.171613546804016637e-01,2.841641163792430480e-01,2.458314546137001788e-01,1.724543524915889969e-01,2.014045942088619756e-01,2.542606977223202391e-01,8.473099256118269418e-01,1.281777063309499920e-01,8.539879513391995802e-02,2.764418424521583595e-01,1.781391232393697843e-01,4.941606151111253009e-01,5.104928905436487696e-01,5.862353817945523682e-01,3.051900239345423094e-01
5.595884520150953279e-01,4.003704232008306607e-01,1.942894256580769974e-01,2.166989148394272424e-01,2.917714476372987864e-01,7.408664532187712037e-01,2.790180626686631915e-01,1.149325795173302689e-01,0.000000000000000000e+00,1.006914232524504654e-01,1.927145142004390577e-01,4.295548662197401502e-02,2.527570961658280879e-01,3.026622977996716868e-01,3.995951479254090666e-01,1.982673562387766986e-01,1.638159979602493432e-01,1.961427855927636299e-01,3.305850376843722516e-01,2.581870733879306767e-01,3.381512915150268195e-01,3.748822314503930109e-01,1.988042504198988536e-01,2.207403840549276297e-01,3.000332902365878684e-01,2.363870951647110696e-01,3.672065009740220209e-01,1.145558350493092042e-01,3.416180539520287662e-01,1.210433581594231450e-01,1.833424359281594918e-01,4.058526251916645955e-01,7.277591548527736487e-01,1.202831007697506144e-01,4.061624433174423343e-01,1.875644362748115912e-01,5.542224153052985880e-01,7.264954424124057952e-02,2.031737872096362196e-01,8.000782798493345782e-02,1.361950179305984089e-02,4.825050917969619935e-01,3.853161785515833021e-02,5.971413323313308208e-01,3.348130909154496404e-01,1.441182129308534454e-01,1.029253920049049559e-01,4.826335926851729741e-01,1.372826768030476485e-01,3.502121136343132601e-01,1.891472014000098456e-01,6.695704603382188758e-01,2.250089623973271780e-01,4.538075128781962064e-01,2.277023721973942261e-01,6.066475184403141707e-01,2.670821061108221151e-01,3.994424630182330516e-01,3.355753004624861258e-01,5.188122950427128677e-01,2.292229576165217553e-01,3.039444364987281544e-01,4.423661342630612059e-01,4.539468055631410426e-01,2.247801199704266284e-01,2.730705275345703953e-01,2.926447265583322910e-01,4.768693774748920533e-01,4.415094177361802430e-01,3.767394470576364007e-01,3.309564998654416779e-01,3.674724217494577116e-01,5.968870105057284547e-01,6.508560674807237767e-01,5.533240443323803048e-02,4.574684981502262215e-01,4.698742874017877713e-02,3.284048151211344524e-01,6.882889989622990035e-01,1.720266049410898168e-01,1.357209966534619894e-01,6.904767868524457342e-01,2.783887243803532807e-01,3.395600161300396103e-01,1.554459860444933617e-01,4.385424114479652968e-01,3.386412877114029496e-01,2.072903485869782014e-01,2.535991078504262197e-01,2.212581662026225637e-01,2.446676765131177156e-01,7.368538539043550939e-01,1.888365997273251939e-01,6.848366324568093411e-02,3.337972326691415748e-01,2.228429871445394284e-01,5.171672645535689838e-01,4.241667966929028588e-01,5.061828842169726617e-01,3.693504004217742498e-01
3.924667112221905119e-01,2.740635893624875363e-01,8.999389962753021055e-02,1.659673198242902770e-01,2.179915444189906570e-01,5.723445645274732874e-01,1.686532668250513012e-01,1.521160934833660217e-01,1.006914232524504654e-01,0.000000000000000000e+00,8.003329586543821150e-02,9.591000299706069210e-02,1.686092410536214614e-01,2.869135303548620008e-01,3.360451393116161700e-01,1.746125863015018931e-01,1.938943782567950636e-01,9.373068706415044193e-02,2.204950955707317140e-01,1.994387350417271831e-01,2.545936724691679753e-01,2.342722417553418091e-01,1.257993740095324220e-01,1.115235955159644965e-01,1.839339591242072636e-01,1.354438077680563957e-01,2.569372381276268102e-01,1.114315627373292650e-01,2.126062960450200434e-01,5.580276244838590360e-02,1.764995107834437527e-01,3.178902353564744820e-01,5.520075068188852185e-01,5.654601562469600134e-02,3.346043109065509613e-01,2.018887067782148825e-01,3.903323634720081703e-01,8.030388178048357417e-02,8.756107359083950548e-02,6.268226371917529072e-02,1.163156153188205505e-01,3.300335463359014287e-01,1.414954152574606772e-01,4.252070641805267837e-01,3.140422538331783531e-01,1.099490151766079199e-01,1.015238626948989642e-01,3.343085542986861114e-01,1.388101644106491395e-01,3.562663961036631188e-01,1.446372564041301656e-01,5.044653000937158183e-01,2.305984654209449203e-01,3.464284720499029580e-01,1.711679581367347158e-01,4.604951993297372037e-01,1.553314849032473299e-01,2.561555201679547311e-01,3.310028557165770602e-01,3.571346480688484260e-01,1.482981969572068903e-01,2.380688994766231026e-01,2.997041872962726283e-01,3.031200460851155576e-01,2.031497535709294033e-01,2.216844371731563623e-01,1.916068377674484957e-01,3.227835140634610633e-01,3.141482735284185090e-01,2.828033086601232649e-01,2.360330045868782312e-01,2.297844520444260186e-01,4.263494898942162270e-01,5.022321500382658233e-01,1.502261158112310480e-01,3.058941626879468356e-01,1.465816915621848959e-01,2.626767717482363929e-01,5.200831430893183560e-01,6.267817051210031187e-02,4.283639976460775628e-02,5.257788716238366300e-01,2.067354546403055437e-01,2.297540639840996157e-01,1.556850717810458751e-01,2.922348883725253699e-01,2.229178498892649962e-01,9.127474928753746830e-02,1.796457462126919424e-01,1.157275195559066411e-01,1.242866980737285520e-01,5.631105628096605420e-01,1.232540843899306710e-01,5.905513255000000711e-02,2.207107322670484317e-01,1.313994332177349511e-01,3.586315968463271164e-01,2.910042659290100198e-01,3.573604103979343138e-01,2.522410935179941749e-01
2.864358397464457084e-01,2.198337578916933488e-01,7.362189016143708131e-02,1.521827855157410203e-01,1.738884234944862439e-01,4.422929813647598629e-01,1.334768464416258571e-01,2.397497384579240498e-01,1.927145142004390577e-01,8.003329586543821150e-02,0.000000000000000000e+00,1.755384918598693611e-01,1.207601197541257887e-01,2.853843684167440276e-01,2.907106832350729309e-01,2.279419249349075582e-01,2.775471980542642547e-01,8.019004912314757483e-02,1.862519673693162070e-01,1.718720573582644962e-01,2.509349092297281092e-01,1.453547250311446604e-01,1.001411171268999506e-01,3.933470276354405354e-02,1.395724651685847639e-01,7.283046997591335892e-02,2.231994223355054652e-01,1.852815322504637319e-01,1.184336619432220655e-01,8.230940473586709216e-02,2.407381770378611840e-01,2.534182144611192289e-01,4.192383429078749280e-01,1.107790101707082225e-01,2.827391957587346849e-01,2.352672404088470837e-01,2.727915261365193023e-01,1.639975198252277833e-01,1.509074353586655794e-02,1.229024932358152716e-01,2.098748726642855333e-01,2.198511299058203416e-01,2.355529335729021900e-01,3.173727718394926400e-01,3.058202067971462212e-01,1.659650393724994011e-01,1.498778984235588085e-01,2.250283022091641438e-01,2.113530706984999841e-01,3.664132429763764520e-01,1.421307707357616634e-01,3.790455236067835076e-01,2.529706780906634256e-01,2.648412094165307762e-01,1.988665961833177565e-01,3.943572632894566388e-01,7.752602863351332196e-02,1.553166942578669552e-01,3.345447826218303500e-01,2.533399939736902806e-01,1.545571748789508482e-01,2.522299460779037772e-01,2.229237788778738738e-01,2.105718765799208247e-01,2.556042464576289697e-01,1.975740461071822107e-01,1.695927853815116237e-01,2.280447298421525715e-01,2.612224079615871331e-01,2.680290991902053443e-01,2.204848033580746325e-01,1.486428762327567932e-01,3.045046991206726839e-01,3.863396007468227200e-01,2.508525603463571674e-01,2.122755614346948649e-01,2.467311128407750631e-01,2.212433280837439453e-01,3.924141509520485682e-01,1.597617275252351601e-02,5.221939667862717654e-02,3.996693050000818537e-01,1.660061600148929617e-01,1.509423027406920081e-01,2.258550250938621828e-01,2.072332419952414018e-01,1.808563773680688103e-01,1.471087176459280957e-02,1.897681038584906610e-01,9.175230927872514430e-02,6.089082967210445591e-02,4.307539790108581568e-01,1.502860361972539471e-01,1.422749847773804865e-01,1.823347679694730383e-01,1.272968691296944566e-01,2.632396651418645317e-01,1.917906144291741111e-01,2.466812634707220009e-01,2.094781650390369898e-01
5.465687481053626007e-01,4.135787023948101493e-01,1.997917801113538450e-01,1.657785416161306757e-01,2.382049739109823039e-01,6.756946453016279275e-01,2.903163316547389128e-01,1.634058478958278493e-01,4.295548662197401502e-02,9.591000299706069210e-02,1.755384918598693611e-01,0.000000000000000000e+00,2.066099154763885171e-01,2.418696032184795841e-01,3.344890145104544854e-01,2.411474291212924448e-01,2.156954529996373826e-01,2.034218733626702580e-01,3.480906130548656607e-01,2.046485410273701788e-01,3.715140980658576675e-01,3.627315368282301722e-01,1.558762170957646853e-01,1.926629539936839108e-01,3.091844020261227954e-01,1.999596129602309869e-01,3.885688863253282666e-01,1.536249733959568764e-01,3.087367765838904821e-01,9.055326798507162822e-02,2.293886130319914840e-01,3.447361974394163586e-01,6.696502386688037989e-01,1.382545578226752891e-01,3.416976890065589467e-01,1.355242546600919085e-01,5.182634922363967833e-01,1.067514411709715033e-01,1.894945306572176635e-01,4.701034957074858717e-02,4.663219947489243011e-02,4.475532917305488634e-01,5.244049080500984283e-02,5.857500655248272237e-01,2.717970828680763562e-01,1.775147509699800397e-01,5.745898186929873641e-02,4.422305507876986286e-01,1.806057292726321872e-01,2.875366381301164287e-01,1.400058619417836325e-01,6.121514580842479791e-01,1.700613797426678564e-01,3.935681571374501364e-01,2.623209193352420421e-01,6.287091887466087492e-01,2.325844984987117114e-01,3.735321659530657090e-01,2.730032149319001067e-01,5.043128337852288423e-01,2.532806785969291541e-01,3.419706584347551037e-01,4.448685175596712726e-01,4.450503112317842347e-01,2.707410089934025321e-01,2.168930775489350260e-01,3.120396382386938505e-01,4.678876250858752250e-01,4.588837113476222362e-01,4.085303060102472572e-01,3.578420272587761741e-01,3.610441589411898522e-01,5.602322841802286346e-01,5.859257693812131018e-01,1.003036778402333767e-01,4.478850609156717066e-01,8.970019043977388307e-02,2.696637008482850040e-01,6.303717761154983279e-01,1.558177031443412075e-01,1.142115860795940713e-01,6.297368995774260680e-01,2.256622525449952510e-01,2.933263102587451709e-01,2.004570923311205510e-01,4.347258160488396417e-01,3.529192106995862610e-01,1.924289567921049215e-01,2.834465025960737350e-01,2.292390217821050347e-01,2.387592366688701950e-01,6.757763933144428359e-01,2.156561544150072673e-01,9.381360596598654900e-02,3.495095328178299265e-01,2.405522431239232595e-01,5.109765993256292216e-01,3.803115387290271765e-01,4.618256627443657059e-01,3.861642284056324148e-01
3.640443050480105525e-01,3.639779095080521998e-01,2.095001208421959360e-01,5.610375448500887208e-02,4.406710916179228110e-02,3.485417170751172744e-01,2.762717225583931069e-01,3.631046880523651210e-01,2.527570961658280879e-01,1.686092410536214614e-01,1.207601197541257887e-01,2.066099154763885171e-01,0.000000000000000000e+00,1.565892950248012894e-01,1.407458262532010063e-01,3.831274829523796943e-01,4.186526464723195895e-01,2.174213336868291158e-01,3.375886839184092381e-01,5.126998307762429402e-02,4.229310955996339327e-01,2.305665038834438518e-01,4.024852314011092419e-02,8.046896011560715489e-02,2.788415754505104704e-01,4.602164564308081074e-02,3.809615254299354437e-01,3.120806500639505821e-01,1.190463170047312141e-01,1.123639555124166245e-01,3.917320647809089396e-01,1.159546591183858305e-01,3.511079029367152882e-01,2.330462673326869349e-01,1.347160000919576661e-01,1.609465140018894180e-01,2.724623955042850265e-01,2.700134767409347880e-01,1.358184359934876684e-01,1.519491881675753830e-01,2.654344675368817130e-01,2.186670378282575544e-01,2.773542695627137511e-01,4.001360809970259669e-01,1.673421398184146425e-01,3.032473219998901848e-01,1.419310903252654632e-01,2.002513015148403575e-01,3.468955964879393838e-01,2.295043024194885206e-01,6.833323942279428964e-02,3.062480572244059007e-01,1.580560267799708818e-01,1.409453802042323622e-01,3.577453019281189861e-01,5.592784994435864299e-01,6.550917526295696458e-02,1.894503452120808451e-01,1.989366095378879706e-01,3.263514161205702813e-01,3.070627528044259091e-01,4.251595815129250999e-01,3.435943134863184700e-01,3.012097371764721476e-01,4.181601158736495960e-01,7.241267195915193633e-02,3.225574082649939056e-01,3.178661238315776405e-01,4.133109972650391151e-01,4.410416973229197013e-01,3.843499771681826438e-01,2.508469802184777331e-01,3.044993228704708788e-01,2.801051400687709081e-01,3.308789526537084802e-01,3.008326602291063745e-01,3.201111085711033644e-01,8.344694381585417153e-02,3.200993300686068577e-01,1.237699931368251849e-01,1.176492154603002577e-01,3.164753440384626693e-01,3.837117431324471584e-02,6.835247622949851276e-02,3.677509778466446222e-01,3.123075129230640234e-01,3.273244542879879537e-01,1.319903500709269650e-01,3.496265794472918631e-01,2.310266020838159795e-01,1.820401020912487400e-01,3.523704428402906763e-01,2.976019992690725480e-01,2.421701437495825948e-01,3.310355479610324614e-01,2.744506000260279466e-01,3.603352135715366389e-01,1.426337952140059873e-01,2.070274900033945431e-01,3.600481048202305301e-01
6.152692328247295617e-01,6.079593323085418222e-01,3.847540803020317313e-01,1.056727810840964871e-01,1.192918075058254368e-01,4.752245288244201227e-01,4.841718066905963402e-01,4.680394818260351086e-01,3.026622977996716868e-01,2.869135303548620008e-01,2.853843684167440276e-01,2.418696032184795841e-01,1.565892950248012894e-01,0.000000000000000000e+00,1.035513487762643597e-01,5.445806110757366314e-01,5.403470171186445237e-01,3.937737745110064247e-01,5.629480298232436564e-01,9.682582018231718213e-02,6.492784997299217986e-01,4.490597260686768344e-01,1.584263876805132032e-01,2.481595162880080585e-01,4.929023137688446354e-01,2.107098657777306261e-01,6.180280817650464220e-01,4.361668235100649160e-01,3.034148671782724294e-01,2.119115011962070527e-01,5.406273813793042171e-01,1.550601292413323895e-01,5.072924114903866188e-01,3.712720299541115709e-01,1.202025419891116498e-01,9.228915769377976641e-02,4.748525279986047232e-01,3.740778039124563192e-01,3.073504864935852066e-01,2.179523036024675342e-01,3.048966191435867890e-01,4.136402231818968045e-01,2.950570018975854358e-01,6.608511665585918848e-01,2.154030218988618392e-02,4.485433848230991893e-01,1.745621387955749726e-01,3.799482878373694472e-01,4.770649327050870969e-01,5.748731024380480947e-02,1.176510682256903945e-01,4.528650830465537069e-01,6.091855692276120643e-02,2.136130924563738043e-01,5.410855885801001408e-01,8.602446040883188205e-01,2.396439363636594655e-01,3.930465342298578024e-01,3.357907007238664088e-02,5.679185401297439650e-01,4.962152734141629939e-01,6.365417461167223179e-01,5.907185714053800885e-01,5.387794740791014281e-01,5.872272486063274677e-01,7.588203935336014505e-02,5.358106102207059740e-01,5.597181586617915316e-01,6.700781234107165973e-01,6.807971674180551824e-01,6.099322132605294877e-01,4.734386525964028869e-01,5.115419465368196139e-01,3.837715982422177374e-01,3.807594563677105803e-01,5.382159514685385115e-01,3.642579212987016590e-01,9.618832644705402335e-02,4.685631119458682492e-01,2.787039064245125375e-01,2.442512988190274348e-01,4.524735616477536526e-01,1.176934901113052406e-01,2.154250220385474923e-01,5.043898399753169448e-01,5.525659372775368894e-01,5.544352304974216050e-01,3.045139336555036658e-01,5.463719593734724933e-01,4.177832108217812701e-01,3.728691089767066646e-01,4.975752787138760791e-01,4.684649808376349367e-01,3.465368488692969207e-01,5.570441289640369886e-01,4.621839917989342128e-01,6.135997973302413921e-01,3.042638831066807326e-01,3.768754601136370952e-01,5.967975984710273130e-01
5.229335824714459457e-01,5.789633546664990638e-01,4.008585896400966853e-01,1.357344616934211545e-01,9.002490960137649045e-02,3.220845260620056050e-01,4.811393340838538424e-01,5.614375217170629595e-01,3.995951479254090666e-01,3.360451393116161700e-01,2.907106832350729309e-01,3.344890145104544854e-01,1.407458262532010063e-01,1.035513487762643597e-01,0.000000000000000000e+00,6.083136619082289975e-01,6.349500140330250897e-01,4.106886969450036506e-01,5.553443267294579933e-01,1.021317122561368751e-01,6.654085434262828613e-01,3.965716180158531667e-01,1.739540772737003804e-01,2.395997456787953006e-01,4.819409577592532190e-01,1.959711858423030251e-01,6.079850986227343101e-01,5.099996719706020309e-01,2.442371681578585640e-01,2.579325403348867729e-01,6.143544725310298160e-01,5.656770871045881111e-02,3.567348744914579650e-01,4.212848838629468795e-01,1.672349015406916772e-02,1.948411432746473548e-01,3.629956442081685442e-01,4.508603270581539313e-01,3.091668280452480877e-01,2.875053383084945624e-01,4.079174920218113787e-01,3.163889068304981400e-01,4.071902614498136286e-01,5.635540201317837949e-01,8.864202157044830110e-02,5.076973095628477539e-01,2.523326114086754668e-01,2.785377549860376667e-01,5.538604999180971600e-01,1.478121278535949046e-01,1.605659180702357358e-01,3.106401336754515130e-01,1.646881189414171054e-01,1.044726196460216971e-01,5.831132456799158481e-01,8.055278084793611182e-01,2.091290015923414347e-01,3.222460510779484033e-01,1.226091113286712775e-01,4.816714572796304550e-01,5.218949016452997247e-01,6.686103093799347086e-01,5.388833122177322243e-01,4.714455066999272415e-01,6.524588151876188347e-01,8.637820479385045769e-02,5.396782450437472844e-01,4.875422781677729578e-01,6.386213506177246257e-01,6.861491896332002627e-01,6.163929247907895537e-01,4.284340172026781524e-01,3.917588977557473484e-01,2.430557197757291232e-01,4.921198175256099039e-01,4.694086849536446837e-01,4.757426155796761202e-01,5.107910303839662686e-02,3.235545972750990540e-01,2.935624715591887979e-01,2.775832022552518485e-01,3.065560535211382942e-01,9.788507909763147219e-02,1.509537528460616340e-01,5.812228378072900048e-01,4.940868409845314280e-01,5.405670140426473980e-01,3.042113925891639092e-01,5.747597005091197309e-01,4.274493195739628715e-01,3.635715207926987214e-01,3.452101546999714055e-01,5.079302886235298464e-01,4.178653598614795461e-01,5.462297356172138851e-01,4.815594145718091190e-01,5.365676935067636988e-01,2.137309907980862456e-01,2.679087617900007823e-01,5.795635392461235824e-01
4.446876147668537560e-01,2.359286997259414098e-01,1.471458906716366921e-01,3.902347573370986700e-01,4.518209913177438919e-01,8.182424713633769109e-01,1.622242225212106592e-01,9.119938534353404236e-02,1.982673562387766986e-01,1.746125863015018931e-01,2.279419249349075582e-01,2.411474291212924448e-01,3.831274829523796943e-01,5.445806110757366314e-01,6.083136619082289975e-01,0.000000000000000000e+00,7.465250006232192204e-02,1.412330375056372322e-01,1.726170873350232338e-01,4.324757136305110716e-01,1.296437721143763877e-01,3.093590498033979008e-01,3.344069379150756971e-01,2.824064809319196678e-01,1.822964082816127818e-01,3.261867474091717511e-01,1.859203378196106482e-01,6.999900609385434347e-02,3.742323390645594938e-01,2.471205915454210977e-01,2.293905304397765577e-02,5.740076744011204379e-01,7.692285441365077636e-01,1.085982819361309970e-01,6.038790515277586701e-01,4.202558830475493501e-01,5.347412815165637490e-01,1.137086372694984665e-01,2.193028035131847353e-01,2.399449410881815681e-01,2.103291419310364951e-01,4.789788987152039379e-01,2.426718830455520115e-01,4.669907710874173223e-01,5.810835354856457302e-01,5.443620657660650647e-02,2.907032659980739453e-01,5.045285736582776348e-01,5.172129367235014930e-02,6.279805598080099305e-01,3.625682457129308922e-01,7.240704669711336416e-01,4.629525147063471846e-01,5.962344095218378159e-01,4.863548789635994268e-02,3.689689223624116887e-01,3.354606594258086050e-01,3.817517270438723354e-01,5.989854156014107200e-01,4.200106985738438214e-01,8.974654738831212841e-02,9.186163554564566458e-02,3.023523314541393114e-01,3.517090395070351372e-01,2.203495582316099613e-02,4.623331740504003640e-01,1.413826670736484659e-01,3.685713893161370325e-01,2.533329701974694204e-01,1.632915595556590493e-01,1.427072101546537353e-01,2.825012828951790067e-01,5.689018498363745957e-01,7.551002495996478325e-01,1.823587769968555983e-01,3.568059625219313080e-01,1.926201689462771760e-01,5.124737140778677924e-01,7.400573246197343913e-01,2.170566973502424668e-01,2.239267261790013064e-01,7.573615252634907646e-01,4.381863363317841653e-01,4.379535469170382500e-01,3.977169485516577480e-02,3.219824536679861682e-01,1.889851231527188979e-01,2.253385914905794707e-01,8.090312121501778975e-02,1.467953006714847741e-01,2.084858757439064514e-01,7.919696755414536993e-01,6.713740409960927691e-02,1.286082454661201246e-01,1.808408601321708220e-01,1.111744611763233193e-01,3.880346399240408584e-01,4.813738316430631881e-01,5.403429132887439534e-01,2.018981579675002691e-01
