0.000000000000000000e+00,2.492135648854959529e-01,3.947037483888544696e-01,5.728003049170534711e-01,5.366795793942350512e-01,4.674032030795004511e-01,3.234860534159851309e-01,6.652916861600266518e-01,6.737251217800435121e-01,5.154360303904126361e-01,4.002364614989626368e-01,6.622544501863515398e-01,4.858343557651002009e-01,7.213487234875954890e-01,6.410890001699149909e-01,5.676398788070791124e-01,6.785261391547527943e-01,3.958744254252961614e-01,3.163161879118289166e-01,5.686270484427714544e-01,4.250315601415191602e-01,1.778088618518953723e-01,5.089607987709794390e-01,3.995274858645625482e-01,2.960411152140470237e-01,4.261889024412247595e-01,3.219314281077845785e-01,5.907340255097125459e-01,3.017799935301796466e-01,5.308387146389450528e-01,6.027885115035189756e-01,5.541842157776692979e-01,3.981806916337242153e-01,5.064413581810786047e-01,6.173030949017841440e-01,7.148058650647495238e-01,2.023459674779366224e-01,5.990770330864692017e-01,3.804798782389571254e-01,5.918230420755310472e-01,6.967164965007989208e-01,2.188607245131699297e-01,7.330675966490753925e-01,3.744169897863561247e-02,7.299693682059442690e-01,5.390459035042768354e-01,6.259702794816973670e-01,2.692245151126105851e-01,6.051486611734291365e-01,8.152357810857335796e-01,5.777517128481478581e-01,3.950313402178676769e-01,7.217434059685823300e-01,5.062452848657371662e-01,4.897009633859418787e-01,2.970440835326369489e-01,3.829928528261144494e-01,2.054295888335560538e-01,7.758546882390435773e-01,4.082869464589754249e-02,4.250547922644836718e-01,4.768738193427439209e-01,1.575283994243510399e-01,9.903578956632407004e-02,5.811619001081816949e-01,5.988025899933642204e-01,3.527507470209328977e-01,7.842876478348041747e-02,2.638349527166777841e-01,3.982953498833891048e-01,3.788526651367599141e-01,1.861497991635546745e-01,2.026175507407367016e-01,4.806371132281471170e-01,7.291687332471447069e-01,9.477202559147079874e-02,7.294189158777488746e-01,5.852540861128920913e-01,3.982362098080845514e-01,4.257054349207339272e-01,4.861588271664163963e-01,4.268251792914577458e-01,5.373402638245245999e-01,4.143489760688748857e-01,6.086035870614854293e-01,1.272862406871463070e-01,2.918664715782622321e-01,3.770494258526327358e-01,4.421619859909866612e-01,3.694418947677771126e-01,3.228306468114303662e-01,4.265263456685030041e-01,4.710269225551187988e-01,5.803261650951155870e-01,3.034695629396125249e-01,4.005651293058039575e-01,6.398308791577549115e-02,3.334607530894667660e-01,2.980111040773087416e-01,2.893732446234945077e-01
2.492135648854959529e-01,0.000000000000000000e+00,2.421172225871782435e-01,5.488844209571054344e-01,5.552380535760486069e-01,6.652944688876628598e-01,1.324169963401336803e-01,4.617022627948042524e-01,5.235143144644698321e-01,3.858870257016941419e-01,3.204418273392244387e-01,5.368703573190213296e-01,4.857641693007582750e-01,7.152244117018221603e-01,6.905549294118449311e-01,3.403162656876383418e-01,4.589869231031500907e-01,2.371153431815353763e-01,8.161059170091029824e-02,5.668600475093904523e-01,1.761057757260352519e-01,1.913377615012908095e-01,4.750334912257361819e-01,3.604177344398492577e-01,1.114464410506822989e-01,4.101178684478314906e-01,7.292066225532847779e-02,3.931082049383294863e-01,3.537297470280483247e-01,4.416665679851147774e-01,3.782080177004606414e-01,6.224958481038906921e-01,6.082062077827860014e-01,3.363196398940307974e-01,6.740322142070659384e-01,6.581145411874693707e-01,3.991643034420616631e-01,4.225040662268254588e-01,2.948423053918156622e-01,4.843244736887861723e-01,5.460929553254744162e-01,3.746951634944833409e-01,5.874860721733773383e-01,2.614929314882071254e-01,7.352854057768410945e-01,3.370733871857219399e-01,5.358214260496421133e-01,4.181042993078235570e-01,3.960656195592534012e-01,8.065801487880942533e-01,5.383552920668548403e-01,5.901326855218270717e-01,6.813297984984654221e-01,6.027992766634129307e-01,2.600601406486728884e-01,1.985727330995485096e-01,3.844229475547945585e-01,2.948282960022630683e-01,7.710544480048121541e-01,2.384427006918007907e-01,2.095523961043553041e-01,2.302030553782385969e-01,9.207363774123016043e-02,1.752803533568133842e-01,3.463416744033982475e-01,6.008305111984941771e-01,1.265244861903916940e-01,1.840717720469186580e-01,5.093341602187870937e-02,1.503041781547048705e-01,1.319140782973926562e-01,1.504454962175261201e-01,4.172147754776175388e-01,6.510971062248447350e-01,5.545124342609858425e-01,1.812503425709617311e-01,5.599564883194865228e-01,6.149152121343951505e-01,5.978957089720506879e-01,3.351896926875223559e-01,3.919063114346874044e-01,6.206860377692394737e-01,5.489684997876828065e-01,4.683496109945405328e-01,3.926504693620075370e-01,1.344453659231636955e-01,6.566103337401144047e-02,2.967176182359250181e-01,2.101545173544819567e-01,2.047932467094181475e-01,2.213359185878763513e-01,6.325425883736178756e-01,2.636514388635685102e-01,4.148357885164402070e-01,7.328353822384062188e-02,2.023999699918505868e-01,1.859815497030229137e-01,4.422353512487020022e-01,4.539715746650533346e-01,4.307574665243654732e-02
3.947037483888544696e-01,2.421172225871782435e-01,0.000000000000000000e+00,3.430088418358254176e-01,3.802042067206584663e-01,6.530276007928789150e-01,1.109750849078657842e-01,2.787460855324295217e-01,2.880649913065113643e-01,1.437841748652358420e-01,1.191182825206849455e-01,2.951282198895398556e-01,3.074701781006980439e-01,5.074896322939737026e-01,5.240111298671565887e-01,2.254114657099042796e-01,3.076407841672096910e-01,9.968718019774449116e-03,1.796809963153144785e-01,3.745340964295505448e-01,2.425638288379511620e-01,2.262179464576865862e-01,2.718581810394817833e-01,1.827626765309763035e-01,1.309997843180641663e-01,2.366289445169073857e-01,2.255075437152418427e-01,2.036452944950611077e-01,2.711362654371194392e-01,2.082829397122464565e-01,2.484283826701026987e-01,4.797157647754211052e-01,6.197855398922232917e-01,1.117884541902170042e-01,5.150863792337948555e-01,4.274499526241458680e-01,4.371527282615119692e-01,2.043836877527740459e-01,1.010125933121148178e-01,2.434238157964371263e-01,3.111314117866839091e-01,3.811360559923350211e-01,3.509678628687372681e-01,4.244810334612902913e-01,5.334404875323509598e-01,1.607090762730454536e-01,2.976670775993408569e-01,4.010492733927378817e-01,2.273291949509629872e-01,5.930580580641783284e-01,3.235633330258125828e-01,5.841898760318773309e-01,4.568435775338424154e-01,4.888111020102957616e-01,1.776017561137571699e-01,4.392946179045699728e-01,2.368387928516985097e-01,2.861771607877365287e-01,5.612059424338837754e-01,3.616556022167420892e-01,1.164174516732575798e-01,2.409759349000305806e-01,2.773198265912846794e-01,2.957941662515745085e-01,2.555483196813126412e-01,4.074146625870359584e-01,1.475437804826587596e-01,3.171132959568466747e-01,2.880700797190509643e-01,2.674716269942145619e-01,2.098239018242057108e-01,2.086110948203210858e-01,4.700187412177559976e-01,6.066003618907954698e-01,3.350314784715621719e-01,2.999317263297970326e-01,3.363528332305725232e-01,4.407598819766398446e-01,5.967043190740123348e-01,1.178227778327946007e-01,1.606603207189964966e-01,6.087730878356710784e-01,3.693178437183216034e-01,3.426984504332075132e-01,2.390820249709061929e-01,2.761091932359131529e-01,1.808594538728874324e-01,1.078577111731773841e-01,1.631054135013743078e-01,3.786376254440184524e-02,8.483126527195292144e-02,6.353478861625602159e-01,1.177293388161419208e-01,1.867221903492218282e-01,1.787630126968172972e-01,7.909317317507215395e-02,3.510854754844149883e-01,3.773957155262895879e-01,4.326019984529083651e-01,2.170696782648816325e-01
5.728003049170534711e-01,5.488844209571054344e-01,3.430088418358254176e-01,0.000000000000000000e+00,9.554335364323696123e-02,5.449940488374062086e-01,4.387517651576162692e-01,4.657730361092426441e-01,3.165244586252439762e-01,2.508977201818003433e-01,2.322958727185409911e-01,2.506452921539277789e-01,9.203396599919315413e-02,1.668488185586647354e-01,2.096367915491091916e-01,5.131429121973228868e-01,5.285262930117227143e-01,3.525201815594583565e-01,5.099507228990297625e-01,5.071022667860727168e-02,5.855287786635231528e-01,4.132988827740851079e-01,7.395579723301683173e-02,1.898775320053469606e-01,4.466841739598756411e-01,1.484258003939943893e-01,5.569147466821648962e-01,4.216511513501358110e-01,2.762823423591987959e-01,1.598435134623774345e-01,5.151484309030014419e-01,2.152652893298575287e-01,5.548224372433697704e-01,3.424139598105905291e-01,2.135169742821391436e-01,1.524937205905872450e-01,4.759752117747360067e-01,3.644669695610106563e-01,2.572195440410525724e-01,1.922883327072906767e-01,3.271703637992510738e-01,4.110195595509043009e-01,3.323774821876741004e-01,6.101930280885030644e-01,1.905914220179669716e-01,4.238987888580131869e-01,1.570597000952671241e-01,3.870101337299474142e-01,4.612364967205739297e-01,2.577726847295441215e-01,3.513801608144154209e-02,5.044947523222641506e-01,1.494871686286945722e-01,2.725996968171215395e-01,5.006497073659972319e-01,7.423824342435674239e-01,1.898495492784909311e-01,3.707700555276484677e-01,2.223421688437251520e-01,5.319916106862819793e-01,4.548025141834429186e-01,5.786605675713361041e-01,5.379968471719565049e-01,4.990092341943315746e-01,5.500745765143730814e-01,7.241967223225068140e-02,4.867893120534164675e-01,5.186423454077820905e-01,5.997187853959616843e-01,6.092473350849135771e-01,5.514931391956489071e-01,4.333626522294478089e-01,5.127003973949867399e-01,4.630635997158972228e-01,4.072747712833491018e-01,4.991293180537568763e-01,3.928972439275607020e-01,1.310360880424037144e-01,5.200598503784854554e-01,2.257411515674803137e-01,1.910285371689760536e-01,5.130335576734267322e-01,8.080722257794130392e-02,1.987181700329853917e-01,4.855680592889175529e-01,5.076063176094797180e-01,5.023519673090400817e-01,2.539913940349073362e-01,5.009777663571475248e-01,3.755634732570226064e-01,3.283781771912699932e-01,5.536367488709581508e-01,4.333512945709749320e-01,3.322745876665531561e-01,5.046751123907663450e-01,4.210886631467780084e-01,5.645802712203527030e-01,3.090416853005182318e-01,3.939620112536865171e-01,5.389605501614276317e-01
5.366795793942350512e-01,5.552380535760486069e-01,3.802042067206584663e-01,9.554335364323696123e-02,0.000000000000000000e+00,4.528440041265430760e-01,4.609596036657642726e-01,5.444417673544534875e-01,4.063617570239240750e-01,3.181416166215989549e-01,2.614325369056555992e-01,3.430954532750667418e-01,7.298993794137163815e-02,1.864604340801623295e-01,1.438303216133930695e-01,5.745639618348825639e-01,6.041163905874386009e-01,3.901529677219411352e-01,5.295379637040154019e-01,5.063178178971203258e-02,6.192063923227048017e-01,3.952993859094913187e-01,1.225288525343470186e-01,2.021854414648119602e-01,4.632436707033922851e-01,1.480886421317262058e-01,5.753905337487830174e-01,4.931732566820407615e-01,2.352208239038696691e-01,2.332065964810106085e-01,5.815681368101083271e-01,1.227668169264518605e-01,4.675847925382337067e-01,4.042781408196149950e-01,1.372666989023771655e-01,2.343861253519672061e-01,4.122122018082390871e-01,4.411777286953164068e-01,2.827421382582508969e-01,2.788180156412231048e-01,4.186631760941681435e-01,3.511731784724643202e-01,4.263832380968748392e-01,5.739214347920017500e-01,1.933425735763625031e-01,4.870773763837517034e-01,2.507884422663406720e-01,3.190017330591691236e-01,5.320504232512256459e-01,2.793313004397074972e-01,1.290680534567963944e-01,4.166004713286807770e-01,2.160980399138331398e-01,1.770878194866493116e-01,5.507278406293507622e-01,7.399352599735280478e-01,1.715332068479247796e-01,3.312805220036280085e-01,2.396643715208499892e-01,4.966443949949031489e-01,4.963183670794451552e-01,6.211128069594530343e-01,5.284840338741075838e-01,4.755039976248640055e-01,6.106365816815005898e-01,6.699112758724834471e-02,5.137913247220106117e-01,4.929597941941177841e-01,6.059011061343448912e-01,6.368208440649757440e-01,5.799013270591837355e-01,4.231017552196919551e-01,4.472257528173348984e-01,3.690811823936523406e-01,4.971113049981014664e-01,4.744831789769208275e-01,4.836014548979321592e-01,6.107407335536815807e-02,4.321403759719419924e-01,2.647063873936664757e-01,2.498522135895642760e-01,4.228295933118136340e-01,1.544068834324796580e-02,1.290358912178894424e-01,5.550714495305498763e-01,4.914887828670228553e-01,5.177047078991083850e-01,2.773656904379033783e-01,5.430976029154340745e-01,4.072918022475079391e-01,3.442764454126320262e-01,4.642298700148849711e-01,4.842262161473221971e-01,4.081180518549207270e-01,5.220965751539737854e-01,4.591521959859164448e-01,5.389060498563816859e-01,2.374717336315235461e-01,3.195126727738111794e-01,5.526912129001746443e-01
4.674032030795004511e-01,6.652944688876628598e-01,6.530276007928789150e-01,5.449940488374062086e-01,4.528440041265430760e-01,0.000000000000000000e+00,6.598952768104823230e-01,9.102483594669006361e-01,8.211081840320405556e-01,6.848373820440826210e-01,5.653047139712241709e-01,7.705867324734114732e-01,4.693114515648313390e-01,5.969499271965417186e-01,4.404666692725180410e-01,8.779536348610404994e-01,9.535629185603208269e-01,6.608200138494098042e-01,6.973925458694325563e-01,5.034269754747693337e-01,8.164089543104406932e-01,4.829833132107570481e-01,5.342217088190286400e-01,5.096899509833364705e-01,6.422780186948356951e-01,4.807637386465815621e-01,7.261163203992574422e-01,8.410621690623374391e-01,3.834167681891955670e-01,6.321663439015360320e-01,9.011815956180928566e-01,3.610538019569902723e-01,7.773223772954253319e-02,7.385410350514374223e-01,4.131125725707279206e-01,6.859114050882370028e-01,2.705861295200052696e-01,8.117389185876758839e-01,5.672380464633306474e-01,6.953318988191375949e-01,8.386683440268782874e-01,2.924875525830136214e-01,8.568626316004361865e-01,4.876382821163197656e-01,5.808713095133657411e-01,8.097309398716541207e-01,6.875319338843949302e-01,2.568518172363221663e-01,8.726842039545664731e-01,6.667672540244812263e-01,5.743703408478596506e-01,7.518044238972683424e-02,6.609343162124822202e-01,2.855110707094318800e-01,8.195477348144702967e-01,7.639014943797753920e-01,4.483342085669350108e-01,3.838992198807055778e-01,6.312970019138974820e-01,4.509676411833751231e-01,7.484216994687373781e-01,8.501568814020941112e-01,5.840422934273806765e-01,4.953382670279860567e-01,9.060244189624283573e-01,5.107148280014996988e-01,7.125274475407216146e-01,4.943509954448160881e-01,7.000591544914448461e-01,8.073675866009851765e-01,7.664023875912489014e-01,5.240454720531672050e-01,2.648006539545505467e-01,9.163115736050909954e-02,9.066474554075105718e-01,4.898545679906994299e-01,8.972702102804198665e-01,4.518037728824313981e-01,6.927510578878430525e-02,5.878979828396684315e-01,6.181130634390404888e-01,4.526501338077994901e-02,4.659018121161042636e-01,3.624704142420810404e-01,8.884950997030989228e-01,5.351629758251852387e-01,6.738322133758105625e-01,5.597055126554413285e-01,7.864552464911631624e-01,6.549064505001762626e-01,5.721817932552353270e-01,4.773753422808885843e-02,7.690207223758257493e-01,7.805160287982295664e-01,6.843627802682513694e-01,7.099359042294145494e-01,5.191038508124740103e-01,2.804832215181689015e-01,2.224186109773408915e-01,6.919333726323327882e-01
3.234860534159851309e-01,1.324169963401336803e-01,1.109750849078657842e-01,4.387517651576162692e-01,4.609596036657642726e-01,6.598952768104823230e-01,0.000000000000000000e+00,3.454558173903579665e-01,3.916580051712904020e-01,2.544823945138546262e-01,2.064862575110650023e-01,4.046949964397656418e-01,3.884631779962928189e-01,6.053774891891577914e-01,6.025291116584434725e-01,2.458806403876416802e-01,3.550645302298801043e-01,1.051965546159162601e-01,7.151860504278043096e-02,4.639024818842973907e-01,1.664592683400839268e-01,1.852737540157717855e-01,3.652437132213995352e-01,2.589669038097636711e-01,2.778619671220469711e-02,3.128868602266766108e-01,1.185267088790372958e-01,2.727208908430478473e-01,2.989087418965131748e-01,3.163497330265011565e-01,2.798709899712421567e-01,5.460618831060575218e-01,6.149566002548756405e-01,2.054057567672668283e-01,5.898300215057733498e-01,5.351330621034412482e-01,4.147792525491925675e-01,2.942094412790946523e-01,1.819125753304569604e-01,3.543652273869558611e-01,4.143672243598745530e-01,3.708507626124739054e-01,4.555122562077664194e-01,3.474959279161692893e-01,6.287600536115445227e-01,2.184888887178142447e-01,4.079392498730500805e-01,4.031012993877750583e-01,2.830210379174099566e-01,6.939084435662714601e-01,4.235134565180046495e-01,5.867747588582490348e-01,5.620155678813784084e-01,5.411681571484683317e-01,1.713110181513372576e-01,3.284371884704709865e-01,2.984791699956617084e-01,2.762991635469655427e-01,6.603067305646540541e-01,2.976361254818124524e-01,1.024670655276074122e-01,1.907049949857231863e-01,1.832435034039292254e-01,2.271405856530634426e-01,2.635928791305000574e-01,4.977155484310030187e-01,5.634264329570700530e-02,2.456562785650695524e-01,1.771692301191566954e-01,1.765444326429105870e-01,1.211776496589963142e-01,1.510278391919392671e-01,4.421699497406795243e-01,6.277743942986406811e-01,4.269791831899809598e-01,2.324925655429855853e-01,4.312013593734227435e-01,5.219869425374282779e-01,5.973383946992031346e-01,2.154948181043561672e-01,2.673036590317381944e-01,6.146606359588344670e-01,4.522279459779413036e-01,3.970810837237758184e-01,2.852612118841853506e-01,1.967001458665914027e-01,6.988455767882419123e-02,1.859131198192034984e-01,1.294762429271824611e-01,7.316558201348180579e-02,1.173236389237620886e-01,6.348866468459198886e-01,1.480198893889827227e-01,2.840709742977444718e-01,6.841063323573255694e-02,7.841590922572777567e-02,2.698727444784703167e-01,4.019909720151920163e-01,4.380808198034907286e-01,1.062864513171884323e-01
6.652916861600266518e-01,4.617022627948042524e-01,2.787460855324295217e-01,4.657730361092426441e-01,5.444417673544534875e-01,9.102483594669006361e-01,3.454558173903579665e-01,0.000000000000000000e+00,1.802248292650739936e-01,2.322050272517902081e-01,3.449771237268688950e-01,2.474671585452819511e-01,4.848406316076256384e-01,5.901304364686031922e-01,6.753435784853668578e-01,1.455765236698385312e-01,6.787524044543016832e-02,2.748176065897299236e-01,3.802907970689644035e-01,5.141598775754760986e-01,3.434154233683701651e-01,5.039739735106130158e-01,4.226397790216384620e-01,4.024631538229903605e-01,3.731970900511838440e-01,4.409452939683300432e-01,4.071656496597522157e-01,7.526483726992148904e-02,5.290540752893004850e-01,3.112352297757279840e-01,1.127916352999464022e-01,6.649065159961274896e-01,8.860825203535038774e-01,1.741846562689222111e-01,6.773462218941384005e-01,4.565145150164517385e-01,7.135966843800435333e-01,1.036960521413663738e-01,3.450220744069913970e-01,2.760620016444406133e-01,1.882272309664300702e-01,6.546745904100949032e-01,2.222333116210568338e-01,6.916326358803780439e-01,6.248514985665278854e-01,1.269694532139244714e-01,3.279483361442925848e-01,6.683484606547321905e-01,6.668738951578835616e-02,6.487534935839582850e-01,4.323769367819740861e-01,8.462097232157080873e-01,5.028168074629155715e-01,6.990674283018735169e-01,2.132055092674891295e-01,6.286916483114035614e-01,4.648158469368692258e-01,5.618537611320378877e-01,6.305287470055470633e-01,6.353739200703409917e-01,2.522114645105220099e-01,2.915192482315796529e-01,5.282503303627665847e-01,5.666960949233890155e-01,1.689597508818599381e-01,5.377734730049266165e-01,3.351877477624800039e-01,5.868629262083859821e-01,4.907440074539157204e-01,3.891970992802348817e-01,3.539417547536806707e-01,4.819875000866700177e-01,7.474228763326790093e-01,8.517087447587647908e-01,1.326038164111129070e-01,5.714653623202949895e-01,1.484723277551866227e-01,5.945265210090120434e-01,8.598335339269029820e-01,3.226562701010495249e-01,3.031561104293706288e-01,8.677649939359982634e-01,5.295917537191289215e-01,5.642632332023831410e-01,7.949667660731814245e-02,5.404625444801064438e-01,3.976170844240861646e-01,3.523510141418298436e-01,2.595334770475385966e-01,2.971891276450281394e-01,3.624821251859738913e-01,8.985003160086946217e-01,1.990520054007311190e-01,1.369224346564995864e-01,3.886613758953939568e-01,2.670404053359908825e-01,6.147029308678444437e-01,6.297656737583650077e-01,6.967993052949695842e-01,4.216025118699036067e-01
6.737251217800435121e-01,5.235143144644698321e-01,2.880649913065113643e-01,3.165244586252439762e-01,4.063617570239240750e-01,8.211081840320405556e-01,3.916580051712904020e-01,1.802248292650739936e-01,0.000000000000000000e+00,1.595784168528435742e-01,2.860341011659187083e-01,7.121272906775251432e-02,3.606824508942149676e-01,4.187492330942939600e-01,5.227247958319112264e-01,2.931763477916234373e-01,2.480172616564026433e-01,2.904496772984384578e-01,4.498253240625641469e-01,3.671664249594282503e-01,4.580823646750148415e-01,4.972255563444047399e-01,2.938642217145611135e-01,3.215719123371528765e-01,4.157729661605407689e-01,3.408765591263269168e-01,4.891714091839749479e-01,1.796840898247210327e-01,4.618429805326191295e-01,1.889550090380419656e-01,2.738625025893144382e-01,5.290795176282769852e-01,8.111503392222525477e-01,1.878730075397917754e-01,5.293931037315979804e-01,2.793639948541845608e-01,6.690134431559250361e-01,1.176340394152660396e-01,2.994449872412536795e-01,1.288117700475695515e-01,2.313251084345434305e-02,6.038129613364890957e-01,6.410859634094226434e-02,7.060915892233878832e-01,4.544477934586319545e-01,2.212503254358058058e-01,1.628454823272896812e-01,6.039336708994753611e-01,2.117916244457024033e-01,4.711049669032593146e-01,2.814186473960364476e-01,7.657053743322032036e-01,3.268754857091675237e-01,5.764836946594952272e-01,3.302075461067693340e-01,7.141213797367985672e-01,3.776980327821281014e-01,5.225692323009892837e-01,4.552788376934390202e-01,6.373520517643460614e-01,3.320837948653561078e-01,4.201975193042695178e-01,5.653761309886286002e-01,5.766181660262725828e-01,3.265918686773466306e-01,3.847262879584353867e-01,4.073607208582101791e-01,5.985045701066356028e-01,5.645394238307600565e-01,4.991646253964991953e-01,4.502322955372693447e-01,4.894515274270572758e-01,7.058758777778865179e-01,7.506394445769856150e-01,9.082437457339605225e-02,5.800119687155756987e-01,7.764381259673265590e-02,4.474333422134561533e-01,7.805509503908100166e-01,2.589663359505979257e-01,2.096180302885076174e-01,7.822717762141345732e-01,3.909267946831397889e-01,4.596122032752822939e-01,2.367308351827217272e-01,5.616362919700583767e-01,4.586147534020009187e-01,3.046743125361302540e-01,3.616906612846388369e-01,3.222167412949852316e-01,3.509441701726377927e-01,8.180702597276532373e-01,2.810157753803783076e-01,1.112499495368976382e-01,4.533391189501576601e-01,3.241878453700265394e-01,6.358565236589992509e-01,5.474495637934254644e-01,6.258126752735028164e-01,4.914275404346954423e-01
5.154360303904126361e-01,3.858870257016941419e-01,1.437841748652358420e-01,2.508977201818003433e-01,3.181416166215989549e-01,6.848373820440826210e-01,2.544823945138546262e-01,2.322050272517902081e-01,1.595784168528435742e-01,0.000000000000000000e+00,1.288502413248820144e-01,1.525497550169706007e-01,2.544237410306234848e-01,4.007863836252586465e-01,4.557907635508395838e-01,2.623901364882748055e-01,2.875559545985205134e-01,1.493297087566510528e-01,3.212662928712829991e-01,2.946765199083614672e-01,3.628802280097940813e-01,3.382889681650557701e-01,1.956973493554993726e-01,1.753212514133890565e-01,2.746351145409320904e-01,2.092317361346950066e-01,3.656777082998746708e-01,1.751885349811324877e-01,3.113870280379014699e-01,9.156213984497203751e-02,2.648810194818876917e-01,4.358164860540579277e-01,6.670621389117153965e-01,9.272683777481734169e-02,4.542200381043640656e-01,2.978069149789577263e-01,5.132433031505242438e-01,1.292588916929678089e-01,1.401571700289448996e-01,1.022910248309728404e-01,1.822073904175235126e-01,4.492208081915074480e-01,2.176315889997331721e-01,5.484829452941033523e-01,4.315311498801413514e-01,1.730481874033963363e-01,1.607970650998154782e-01,4.538973123127124643e-01,2.139130676635471462e-01,4.775786626708401483e-01,2.219649125102170772e-01,6.242329978907892318e-01,3.337780052968586375e-01,4.670378283429809096e-01,2.578269031802766231e-01,5.829195804505136191e-01,2.365755510659177108e-01,3.647454524928208097e-01,4.502830710747695586e-01,4.785036366664873198e-01,2.269906194688381951e-01,3.429295318375446544e-01,4.153997681746990356e-01,4.192665400353783323e-01,2.994143765408425750e-01,3.227472933356808626e-01,2.846032483915825195e-01,4.412395349799163036e-01,4.316494659293519387e-01,3.960447329115355242e-01,3.404437843589033785e-01,3.327757332562418791e-01,5.496165798126918522e-01,6.221754114954030079e-01,2.296271313771690858e-01,4.223958908836171755e-01,2.246373606221863661e-01,3.724960344040640359e-01,6.385058741761896473e-01,1.022846753962228378e-01,7.102215126327561523e-02,6.436608215750757589e-01,3.039710156060076440e-01,3.327382978249067147e-01,2.370550006705363366e-01,4.068920218039369097e-01,3.242808590769544752e-01,1.456884701970369289e-01,2.690205401361010495e-01,1.813648442116778114e-01,1.935578383616485820e-01,6.768057067749229105e-01,1.920946883596221511e-01,9.664870279887247118e-02,3.215349723792452208e-01,2.035784026459154517e-01,4.800963732078573631e-01,4.054833360419556332e-01,4.787440077317716702e-01,3.600640954389489612e-01
4.002364614989626368e-01,3.204418273392244387e-01,1.191182825206849455e-01,2.322958727185409911e-01,2.614325369056555992e-01,5.653047139712241709e-01,2.064862575110650023e-01,3.449771237268688950e-01,2.860341011659187083e-01,1.288502413248820144e-01,0.000000000000000000e+00,2.636131771419906733e-01,1.885520397752736832e-01,3.990249308649589932e-01,4.051469804054053103e-01,3.305033636886938186e-01,3.899482126598139975e-01,1.290869971165969632e-01,2.776570173737506475e-01,2.587613455727981182e-01,3.584971090459057597e-01,2.229518390999390698e-01,1.587719810103382367e-01,6.540199666004252455e-02,2.149701040351270354e-01,1.179103814300052622e-01,3.246306231606879145e-01,2.763930075803529562e-01,1.852359800627500219e-01,1.322825232720359623e-01,3.461792811786483237e-01,3.614741483486418328e-01,5.425391668145391755e-01,1.742470120139905099e-01,3.959705923475193012e-01,3.395072150017080514e-01,3.843999353129653462e-01,2.482606265709055016e-01,2.559966489462371653e-02,1.915960163928188686e-01,3.079435503049390288e-01,3.204634930902993672e-01,3.398567351665914837e-01,4.352412761735470759e-01,4.223125916408849156e-01,2.508946712166559290e-01,2.291514432141432966e-01,3.268994509180097596e-01,3.098085715607856172e-01,4.883353328085897616e-01,2.185094067297111697e-01,5.015671169829558629e-01,3.609382864723313378e-01,3.750552723033082070e-01,2.939440690440823789e-01,5.173742860525167853e-01,1.250556956231262118e-01,2.365554905350568393e-01,4.541550899800715357e-01,3.613805110189579617e-01,2.355248142068642470e-01,3.600507326042479694e-01,3.242882252179257185e-01,3.088233835401060778e-01,3.640874953475611298e-01,2.922873716646301467e-01,2.557332519402619742e-01,3.306302880229714525e-01,3.707727036437433732e-01,3.788127557500870490e-01,3.212534671512659035e-01,2.274624937691789861e-01,4.208297262945023265e-01,5.091283735978774372e-01,3.583982354644707491e-01,3.109707046831855504e-01,3.534372195581899079e-01,3.221982681728267628e-01,5.153820901751728911e-01,2.708152985781618963e-02,8.592779383087140177e-02,5.228003422865021843e-01,2.509496481079285246e-01,2.306047797484111483e-01,3.279233599435029678e-01,3.046019559650742226e-01,2.706088205158672100e-01,2.496323317311442691e-02,2.822235149578123381e-01,1.463975525052311766e-01,9.950827015651589336e-02,5.539751865667162933e-01,2.297089638045853310e-01,2.187085479995797832e-01,2.725449712940659075e-01,1.978108895131682476e-01,3.731622317614964324e-01,2.848407855483263695e-01,3.533770646179017483e-01,3.074424374178048591e-01
6.622544501863515398e-01,5.368703573190213296e-01,2.951282198895398556e-01,2.506452921539277789e-01,3.430954532750667418e-01,7.705867324734114732e-01,4.046949964397656418e-01,2.474671585452819511e-01,7.121272906775251432e-02,1.525497550169706007e-01,2.636131771419906733e-01,0.000000000000000000e+00,3.038118331283855000e-01,3.475535712600850147e-01,4.540942405523588077e-01,3.466765984580643667e-01,3.152672614360875758e-01,2.997609100725173170e-01,4.688265461735294237e-01,3.013215326174401576e-01,4.936993571377965018e-01,4.844457186275151761e-01,2.373140903501569643e-01,2.859675431344802510e-01,4.260948048204517002e-01,2.953428804172695821e-01,5.114279562138028812e-01,2.342583525688919366e-01,4.255923839951361032e-01,1.446162583876588192e-01,3.322879844265005933e-01,4.652133891386066589e-01,7.657691160673111286e-01,2.131419370280102366e-01,4.619291997544263673e-01,2.093438633743468225e-01,6.368533734029364624e-01,1.684162086113604739e-01,2.818689655031871300e-01,7.768025412279054576e-02,7.707886843383551789e-02,5.704272406734859358e-01,8.627635415009257680e-02,6.963837839088592441e-01,3.832358511201245932e-01,2.662186505188388619e-01,9.415562668045264483e-02,5.652437608057947482e-01,2.702801912416218921e-01,4.015032572077927298e-01,2.155705713112621436e-01,7.187412046548529165e-01,2.563565453885182643e-01,5.165657254173122714e-01,3.720746457478216751e-01,7.325119095004004599e-01,3.362191455617985492e-01,4.958136253196860355e-01,3.846475610183855420e-01,6.240926526107619665e-01,3.613094990509499449e-01,4.622246816933355817e-01,5.678160677063536221e-01,5.679930930040555381e-01,3.819981373594315555e-01,3.167675349218164182e-01,4.292936337557519133e-01,5.899858027726083698e-01,5.813725509299453309e-01,5.317865218852348974e-01,4.792565962656385459e-01,4.826579850719482367e-01,6.742889535251469502e-01,6.965342391720987791e-01,1.590102702620616870e-01,5.707494418140444115e-01,1.433469929531608067e-01,3.807339566996419400e-01,7.338842281472146567e-01,2.372347842041601373e-01,1.791897352231275609e-01,7.333604160259357130e-01,3.276847018845102100e-01,4.081397073277837628e-01,2.959788928053963541e-01,5.578894243863095070e-01,4.740047806150328169e-01,2.856654251787895116e-01,3.967882224118293166e-01,3.321035976429329017e-01,3.437710055035914092e-01,7.706517298640245262e-01,3.152179936357396572e-01,1.494524154420192041e-01,4.703509933541421550e-01,3.459532552110703429e-01,6.302083421216192471e-01,5.028836130150249328e-01,5.841950250173332249e-01,5.089472466018505337e-01
4.858343557651002009e-01,4.857641693007582750e-01,3.074701781006980439e-01,9.203396599919315413e-02,7.298993794137163815e-02,4.693114515648313390e-01,3.884631779962928189e-01,4.848406316076256384e-01,3.606824508942149676e-01,2.544237410306234848e-01,1.885520397752736832e-01,3.038118331283855000e-01,0.000000000000000000e+00,2.382800465188205374e-01,2.165949525156120326e-01,5.058056398687199584e-01,5.419540099948031431e-01,3.174285707618371699e-01,4.574707327395326484e-01,8.442963741157819002e-02,5.462206530788372705e-01,3.337386708854844786e-01,6.687170894985743075e-02,1.295081180297688872e-01,3.914530035672191821e-01,7.610711870765204945e-02,5.035588444572126621e-01,4.293395063897681441e-01,1.861103064541929919e-01,1.765322836865272083e-01,5.146818321506928529e-01,1.816903440279900306e-01,4.720654581178052034e-01,3.367858776792599373e-01,2.082167427190839137e-01,2.441622783618560555e-01,3.840148086762028012e-01,3.811445808095224042e-01,2.097537876214969066e-01,2.319776387082600200e-01,3.757556004323170940e-01,3.189856605886106089e-01,3.897237277490127050e-01,5.232757326509377416e-01,2.527341650772843562e-01,4.194103285694120720e-01,2.182336079653790506e-01,2.957158445013228221e-01,4.675408489765090492e-01,3.324305603261556441e-01,1.110186653176011562e-01,4.227943993134982703e-01,2.402639955118853476e-01,2.168710285989189912e-01,4.791536718346501855e-01,6.734535694685791496e-01,1.066665653100654504e-01,2.818116896017922590e-01,2.940337287948332490e-01,4.451752578856520981e-01,4.237111967442785954e-01,5.484358001868615551e-01,4.639804419834252514e-01,4.171059023557908696e-01,5.414616679965162938e-01,1.172721303910245760e-01,4.409895968740625283e-01,4.357896911505007576e-01,5.366014208773872696e-01,5.640823318333347824e-01,5.070715349060228583e-01,3.583915352357525674e-01,4.208236615688710214e-01,3.929197918312004600e-01,4.501473490100854624e-01,4.166788606258878813e-01,4.382814473186943394e-01,1.339934821440359469e-01,4.382683902978686263e-01,1.928259668854374054e-01,1.841153711614310629e-01,4.342429147184179716e-01,6.384999499447854832e-02,1.110482458619211354e-01,4.897448714666733371e-01,4.295932195095467088e-01,4.462459253411734661e-01,2.044063981668002017e-01,4.704766412395305353e-01,3.343047552233746056e-01,2.721593658125747717e-01,4.734176254347701174e-01,4.130126254444564382e-01,3.479183064320512386e-01,4.503188787318982977e-01,3.863390175168063823e-01,4.819059211305176671e-01,2.192038476153936599e-01,3.043412156928262946e-01,4.816011892334715605e-01
7.213487234875954890e-01,7.152244117018221603e-01,5.074896322939737026e-01,1.668488185586647354e-01,1.864604340801623295e-01,5.969499271965417186e-01,6.053774891891577914e-01,5.901304364686031922e-01,4.187492330942939600e-01,4.007863836252586465e-01,3.990249308649589932e-01,3.475535712600850147e-01,2.382800465188205374e-01,0.000000000000000000e+00,1.637590010685781861e-01,6.604912156512404708e-01,6.567261441518124077e-01,5.167764750353066594e-01,6.766637573124417715e-01,1.538998318060257886e-01,7.493589968181879613e-01,5.718893964996268897e-01,2.407643358862725236e-01,3.551593872404527064e-01,6.135329709183261482e-01,3.089974765730894024e-01,7.236504019275545874e-01,5.593057553168756524e-01,4.195995793346333214e-01,3.105122310780079609e-01,6.569759199001363736e-01,2.362074477253195692e-01,6.268317923308193151e-01,4.934454492413637428e-01,1.877582873170028921e-01,1.471940665738223630e-01,5.965979920330375386e-01,4.963845067028402891e-01,4.240347899596357273e-01,3.180925624510981820e-01,4.212717360314401360e-01,5.369321508522996167e-01,4.101150037146011895e-01,7.587141808253664577e-01,3.634379979641240432e-02,5.713884728041516148e-01,2.623234567343915580e-01,5.025060551764609640e-01,5.986892401706265243e-01,9.419992784712130640e-02,1.841180193808260313e-01,5.755734096613154271e-01,9.955139980788525744e-02,3.126533011680471263e-01,6.573840011810255790e-01,9.075093567048935217e-01,3.448483595782027566e-01,5.160308833693352248e-01,5.609513768842888659e-02,6.809957032731445148e-01,6.166104005604841065e-01,7.389605925994675584e-01,7.006296107186753552e-01,6.553284736619880979e-01,6.976479919237759120e-01,1.225598125168029240e-01,6.526759760878492189e-01,6.738387370892493511e-01,7.661109204852779575e-01,7.746356433829769683e-01,7.168810110497042531e-01,5.952592497139324035e-01,6.307254740439445229e-01,5.064728221785249618e-01,5.033489760979148464e-01,6.548255414998950252e-01,4.860601352497251892e-01,1.529602459223517730e-01,5.906289998287870269e-01,3.912930626847218596e-01,3.504403470031649537e-01,5.751949986952301641e-01,1.841786524789572888e-01,3.149281787571172608e-01,6.241635392923342573e-01,6.675544676386182541e-01,6.692007301022343535e-01,4.208401433057002428e-01,6.620800612059039025e-01,5.410847434796547395e-01,4.951194537012761909e-01,6.178709815203400346e-01,5.905355852908674708e-01,4.671545559277633930e-01,6.714938320040296782e-01,5.845382581554376955e-01,7.199533539568370166e-01,4.205580356221676475e-01,4.993064853289413962e-01,7.058000289547146089e-01
6.410890001699149909e-01,6.905549294118449311e-01,5.240111298671565887e-01,2.096367915491091916e-01,1.438303216133930695e-01,4.404666692725180410e-01,6.025291116584434725e-01,6.753435784853668578e-01,5.227247958319112264e-01,4.557907635508395838e-01,4.051469804054053103e-01,4.540942405523588077e-01,2.165949525156120326e-01,1.637590010685781861e-01,0.000000000000000000e+00,7.155221393474949787e-01,7.376534539067959306e-01,5.339632280241476403e-01,6.700003809777661523e-01,1.616859881857134473e-01,7.623744152947175001e-01,5.196397479466418057e-01,2.615193922524990389e-01,3.447945733525718537e-01,6.032828596702858315e-01,2.902291216171212218e-01,7.152460649961022154e-01,6.293141006027092033e-01,3.504232442398736436e-01,3.668634225888992018e-01,7.205843776631489783e-01,9.276081106426790901e-02,4.780778525569182591e-01,5.445811378954935611e-01,2.833054264737739844e-02,2.887754714169681325e-01,4.847252445774437035e-01,5.736342723122443976e-01,4.260750843075345462e-01,4.014672596176875330e-01,5.311676432415004534e-01,4.341467032777874269e-01,5.304327184026131903e-01,6.771929012598227882e-01,1.417703371580729121e-01,6.272034386309510712e-01,3.601737944540255310e-01,3.910999974809108992e-01,6.686948607585847526e-01,2.263248004244562128e-01,2.436498519859078282e-01,4.277269944917762579e-01,2.491859663766778088e-01,1.651019838614481983e-01,6.941231511384712283e-01,8.688316755514357004e-01,3.070011734855520591e-01,4.406453193265883472e-01,1.911797138843190635e-01,6.030295180557337931e-01,6.401484990695411881e-01,7.649379086928621563e-01,6.554211194402470575e-01,5.933689699546501606e-01,7.519386530454562623e-01,1.383889129599548684e-01,6.561300849272930780e-01,6.085338553160245523e-01,7.406658042988565338e-01,7.788649931618387701e-01,7.222868473351007346e-01,5.516817603003699721e-01,5.147093892662306658e-01,3.489922662173495227e-01,6.128047203994905212e-01,5.914335698954200637e-01,5.974398621623016048e-01,8.412816119922715552e-02,4.420914234714533042e-01,4.084094761310204103e-01,3.899901003219496398e-01,4.231410941163323280e-01,1.554590972107029179e-01,2.306204022329970682e-01,6.924992909696364718e-01,6.146343739523104643e-01,6.569221440761794373e-01,4.204988055748939413e-01,6.869274526494302258e-01,5.507067332775426038e-01,4.853344700033058734e-01,4.657246975486991070e-01,6.274172219776537052e-01,5.411669088709519793e-01,6.619540073321058538e-01,6.029241743780054952e-01,6.533530521307882033e-01,3.128014800499356873e-01,3.786711732827900967e-01,6.910717773618645365e-01
5.676398788070791124e-01,3.403162656876383418e-01,2.254114657099042796e-01,5.131429121973228868e-01,5.745639618348825639e-01,8.779536348610404994e-01,2.458806403876416802e-01,1.455765236698385312e-01,2.931763477916234373e-01,2.623901364882748055e-01,3.305033636886938186e-01,3.466765984580643667e-01,5.058056398687199584e-01,6.604912156512404708e-01,7.155221393474949787e-01,0.000000000000000000e+00,1.206890617858077663e-01,2.172688585877806111e-01,2.597491591732246641e-01,5.556738343388153423e-01,2.011143097937769242e-01,4.262907634010333902e-01,4.540046788055520643e-01,3.955857505154196652e-01,2.724947814804049573e-01,4.449939537564062131e-01,2.772252433974783936e-01,1.135768868071621446e-01,4.965461320728337680e-01,3.539070922923895357e-01,3.865878415413932095e-02,6.862771137601051397e-01,8.423218272963894915e-01,1.710941433155117875e-01,7.117895275535655042e-01,5.435549560041419426e-01,6.517188704742249428e-01,1.784670419863505497e-01,3.197794136180282520e-01,3.452146473573500240e-01,3.085170656274410228e-01,6.004948713189656173e-01,3.485269196039731954e-01,5.891311806453760624e-01,6.923795259093561416e-01,8.941716328693125049e-02,4.051384810634828804e-01,6.242912354421038534e-01,8.514207674251875191e-02,7.319098968023252105e-01,4.842728554919359940e-01,8.083300056727474869e-01,5.852740071862805316e-01,7.053221397368051315e-01,8.026066090820911658e-02,4.910264643354042557e-01,4.551538876109215703e-01,5.043791229953762389e-01,7.076543188927598704e-01,5.433102877786015750e-01,1.434160073097582588e-01,1.465598097259418198e-01,4.183987843115332672e-01,4.727094972617819080e-01,3.716308247270017767e-02,5.846811208351210265e-01,2.174757336919841688e-01,4.906083372106573859e-01,3.613721024647608138e-01,2.473138183548523050e-01,2.193051589014135272e-01,3.956954203542529802e-01,6.818504676701628853e-01,8.318107101405686210e-01,2.725763834226124782e-01,4.781535790529956031e-01,2.859123094159297107e-01,6.315771932097200558e-01,8.204963381385107501e-01,3.169723280570235224e-01,3.255335008458669632e-01,8.335004899710937165e-01,5.612873154106416962e-01,5.610591009303530496e-01,6.610508770301720682e-02,4.403537586056952557e-01,2.812084408635937560e-01,3.272838718830521354e-01,1.301632946132669777e-01,2.249305118663439129e-01,3.061878973374246304e-01,8.590120246609603827e-01,1.091781027174335283e-01,1.996580829949658187e-01,2.705884787215174225e-01,1.748176867405582535e-01,5.108773447849126459e-01,6.027496630298352365e-01,6.567224875977222265e-01,2.978189720644523475e-01
