0.000000000000000000e+00,3.165611509261020418e-01,4.648805476343887966e-01,6.662034179295176495e-01,3.014701481202364808e-01,3.910618907801960420e-01,6.048408330099308561e-01,7.010610976767097657e-01,3.682003675280056121e-01,4.242543746729992571e-01,6.335445890291553361e-01,3.894775662872064226e-01,4.697844473843717505e-01,2.055043033489600823e-01,5.183145074840158628e-01,5.046863698165955370e-01,3.297537428520573854e-01,4.435618809266896334e-01,3.861458951861360678e-01,4.342948135846173563e-01,2.914600215102839953e-01,4.939105014137852856e-01,5.074348141438811410e-01,5.078376506532744639e-01,3.166912408687548308e-01,6.486240730184829051e-01,1.758472620916382567e-01,5.441937326199223213e-01,3.310053259940913817e-01,4.008712638056081135e-01,5.056880966376944286e-01,4.205479159535304712e-01,4.620228013486376573e-01,5.150892717457381531e-01,5.651576924735288721e-01,5.035768083484568614e-01,4.076623401801817148e-01,4.141613972481498762e-01,4.807802653380167102e-01,3.725799304103843412e-01,5.102877911813387124e-01,3.380223456807592841e-01,4.416102973555879330e-01,4.735593928874211045e-01,4.951575642134999344e-01,3.146096313943274603e-01,6.087427314506848042e-01,5.542394430869647115e-01,4.497210274381621686e-01,5.876671964281433569e-01,3.279759284957585175e-01,5.225226419658596244e-01,4.442404685920806617e-01,2.120068517095706206e-01,5.056859879138514424e-01,5.549481484746281446e-01,4.047838655003453412e-01,3.950370069503486015e-01,1.716272021361786582e-01,1.485209257037032604e-01,1.724045036629767436e-01,4.811747222088892939e-01,5.327735437920331218e-01,4.343452648707634145e-01,6.412824950696852655e-01,6.564412177117905367e-01,2.384610368850383633e-01,3.610801700348196253e-01,6.308863464866872883e-01,4.251990209953508404e-01,5.469526816400686053e-01,5.677988599175472911e-02,3.781920898607648573e-01,6.252514775378742451e-01,3.153014300923480118e-01,1.987882843663373866e-01,5.975267561096258007e-01,5.233050243994912254e-01,1.683703469933466035e-01,6.982859081396599610e-01,5.587063042648285904e-01,7.451045343441924373e-01,6.658640253805025999e-01,6.182893612049855658e-01,4.995853502786110623e-01,5.128904267911688075e-01,4.445592015941628450e-01,5.121317851098258211e-01,4.857790637991717952e-01,1.313258606729288680e-01,4.797393249496690326e-01,3.406350795809004461e-01,6.334307511706173122e-01,4.745114661787669386e-01,6.062566023588124020e-01,3.347847305537041684e-01,5.043813099158045432e-01,2.459244678389452821e-01,4.705235805778553715e-01,5.990349752361993074e-01
3.165611509261020418e-01,0.000000000000000000e+00,4.806406170903497199e-01,3.611139096949296245e-01,1.496449481379971969e-01,3.300354825373911782e-01,5.324026523435720915e-01,4.930626563083713720e-01,3.104416130042808586e-01,4.760786509580838266e-01,3.530002461299275862e-01,2.185118107403373200e-01,2.233323679707078513e-01,2.379668186157118392e-01,2.104565911696687774e-01,3.352007090793566180e-01,2.610061841325979626e-01,3.335585321079522769e-01,2.867531503265972614e-01,2.431012585874146870e-01,3.143674440642384438e-01,2.900169801371025313e-01,3.312705779150842411e-01,3.274828430492569553e-01,3.767241801920389460e-02,5.070045033911737553e-01,3.373509650759065615e-01,3.263553171843711631e-01,4.069779420377789281e-01,2.791141806894336108e-01,4.001086787830824831e-01,1.245207024549553343e-01,2.485131254534086453e-01,3.285326338451637906e-01,3.095350644151851349e-01,3.074350969181133819e-01,3.974178255495525725e-01,3.235786857980375575e-01,2.388689511971830715e-01,2.493701551513694825e-01,2.867372907517217184e-01,1.667329450908488497e-01,4.713451712823801820e-01,3.401144311074549842e-01,2.911733133675326046e-01,3.937586171638385313e-01,4.218174271745240289e-01,3.773713178426691961e-01,1.390284029339592942e-01,4.275464743111146437e-01,2.973723209614991814e-01,3.253662060329290950e-01,1.765049228816803484e-01,3.316783786457426220e-01,1.935098238621403843e-01,2.963236075382325585e-01,3.462001387428005339e-01,2.627093687773772723e-01,1.846390553665996359e-01,2.665388823881486013e-01,1.511132584641176890e-01,3.437319343431696206e-01,5.176501397899636592e-01,3.404412524155347453e-01,3.830459671297356539e-01,3.491584465783620916e-01,3.065772076843726324e-01,3.772418429164284270e-01,3.226332089520732027e-01,2.815214890582983798e-01,4.748218833950391682e-01,3.716970712552733480e-01,3.092687629396526638e-01,4.884994121371716846e-01,4.144634201985477051e-01,4.291617681880850466e-01,5.561319946470025810e-01,3.162476095065335224e-01,2.418483825658319375e-01,4.160240209325713479e-01,2.674649225543818121e-01,4.445546901412480434e-01,4.146782294488251530e-01,3.355947866566590387e-01,2.454278675880795790e-01,4.524152567685970072e-01,2.202861237412634399e-01,3.218011087226365641e-01,1.772522674542333088e-01,2.521292637757212574e-01,4.211975812854865109e-01,3.412680184241580483e-01,3.929171431033340323e-01,3.590501583715518530e-01,4.557212731230794178e-01,2.302494033392678829e-01,2.747020216772244616e-01,2.140020597990300866e-01,2.234820132854277719e-01,4.461712176658263473e-01
4.648805476343887966e-01,4.806406170903497199e-01,0.000000000000000000e+00,6.297988762483656133e-01,3.855418039273165731e-01,5.628038746365063849e-01,5.334376056224070517e-01,4.315101690206282758e-01,3.703356369377459045e-01,1.961249921293374276e-01,5.194009076984095197e-01,6.401180909425615573e-01,3.945649819619824195e-01,4.115904302001775483e-01,5.414688648326291265e-01,4.462124847135588990e-01,2.428651114671699363e-01,2.431863703068751770e-01,5.878715349825627268e-01,7.199790706063871060e-01,5.407847077534954083e-01,6.574060346790049358e-01,8.079436577609938608e-01,7.909677731848987481e-01,4.858444135549963572e-01,6.000408178249181379e-01,6.129705501300950488e-01,7.716568345746548374e-01,3.898794547400408761e-01,6.491951980012452550e-01,4.316690090211537933e-01,5.487443432933913900e-01,6.569982524970782167e-01,5.246899176549237875e-01,7.389529448011344925e-01,5.372710996455077881e-01,1.247212042346375338e-01,4.720931988234707832e-01,7.081018693179248480e-01,6.932932850038077133e-01,5.744256484924687989e-01,5.979105059625978713e-01,5.066025915626584109e-01,5.742011072137539474e-01,5.908095801928356927e-01,1.540844390384522866e-01,4.833869221406843497e-01,3.055311127546797012e-01,5.055688831918474513e-01,3.245897443414452188e-01,4.438484070588183950e-01,8.006406252987662286e-01,6.388378210023840653e-01,3.892842963405507839e-01,6.097361090431711039e-01,4.913090003257524763e-01,1.444313735892192585e-01,2.579458216641379864e-01,4.084500808359666779e-01,4.685215650424631728e-01,4.673672449526574679e-01,4.822515239967798961e-01,4.582968891828572144e-01,2.397027375103390479e-01,6.025868378523214774e-01,6.295361017335108222e-01,3.727746386809201451e-01,4.918306537418970503e-01,6.560156098873914932e-01,3.033044380660642192e-01,5.473493555732739102e-01,4.969820144790872418e-01,3.159170558183592159e-01,2.692000787361367720e-01,5.744596705127288372e-01,6.282872078185403053e-01,1.442888932287091919e-01,7.200716055732813148e-01,5.305392661729523285e-01,6.397010867751161678e-01,6.171742304211085273e-01,6.477804927311348049e-01,4.796644154461265352e-01,6.725524683378852897e-01,5.207129171870423789e-01,1.240030819916080190e-01,5.085127187021939443e-01,3.926985095458613295e-01,5.619915616219717247e-01,3.753693746788518415e-01,3.174392281442099950e-01,5.357156432646550392e-01,4.849024753070242943e-01,5.593974516038575651e-01,3.237814534248483755e-01,5.688176161003433151e-01,5.127205311174202196e-01,6.119082605084528170e-01,3.958499341797677706e-01,9.216590494122252064e-01
6.662034179295176495e-01,3.611139096949296245e-01,6.297988762483656133e-01,0.000000000000000000e+00,3.872038570531335933e-01,4.965093698047821635e-01,6.821636891602305131e-01,3.382345980322425949e-01,4.653812624826513811e-01,6.396459487650713038e-01,1.860700950156994327e-01,4.802835066430960476e-01,2.786289423028162626e-01,5.223641976715082125e-01,1.974440547472293694e-01,3.386379855874588896e-01,4.511895444256987520e-01,4.188772900466933846e-01,5.539346918436781619e-01,4.569107636421581575e-01,6.330347659682395989e-01,3.535283474027687278e-01,4.951291030690003203e-01,5.128771423075373370e-01,3.749902998631481355e-01,6.025038707110498271e-01,6.950753933416138342e-01,4.672794879102544763e-01,6.174803616430561970e-01,5.434061695403414882e-01,5.544503621547357541e-01,3.132547727863002618e-01,3.564622887002275031e-01,4.552411733263928006e-01,3.128313771631369700e-01,4.418187175205341433e-01,5.487373681063046904e-01,5.493453131519336896e-01,4.005435467920673842e-01,5.281595152858803432e-01,2.816573855310202101e-01,4.203968477271667892e-01,7.281081446690057524e-01,4.172778522672805357e-01,3.218229779280316616e-01,6.234437095139483409e-01,4.598532987812390394e-01,3.494663039631233925e-01,2.278788370879040737e-01,3.804221812671999547e-01,4.945987138996277288e-01,4.861640946358201099e-01,3.199454462874651850e-01,6.522667144133355022e-01,2.107760203200590987e-01,2.923517142596015472e-01,4.934857623907717428e-01,3.906711644388973226e-01,5.056618020720193840e-01,6.182650323602270070e-01,5.020025122718462240e-01,3.915657018773454068e-01,7.123327963054385537e-01,4.373327009476994931e-01,1.863225947685961947e-01,1.715207291663390504e-02,6.146809093416011338e-01,6.580324872985325868e-01,2.054431947593130525e-01,3.694709442563132162e-01,6.552794642906333289e-01,7.224918941757778601e-01,4.523483371935103081e-01,4.755484930493094620e-01,7.382335320401668399e-01,7.896433580864966606e-01,6.226317591049599365e-01,4.755324828275421800e-01,5.998892585423255541e-01,2.902690183403041635e-01,1.624139381590303244e-01,1.613727440395938406e-01,2.714844826134479860e-01,3.162227494209408629e-01,3.343401326390804673e-01,5.335025632743665147e-01,3.876523023691736403e-01,3.971347640437857263e-01,1.955374584513508429e-01,5.690436020354651125e-01,5.854945784637628492e-01,6.365820271987174817e-01,3.279136021196891182e-01,5.610465255161775078e-01,4.712732850038329757e-01,5.263569318051040113e-01,2.531827841774415000e-01,5.502244163110758812e-01,2.780457254899943997e-01,6.001446867042194988e-01
3.014701481202364808e-01,1.496449481379971969e-01,3.855418039273165731e-01,3.872038570531335933e-01,0.000000000000000000e+00,2.439983228078522748e-01,5.925806465881635621e-01,4.295052456120202478e-01,1.630221189129422432e-01,3.413377635100561802e-01,3.799226591262308550e-01,3.637206465907027453e-01,2.406091303642565182e-01,1.423641814359021818e-01,2.903700619822090490e-01,2.230936075728965906e-01,1.436685430272298669e-01,2.142647190426618109e-01,4.085759807553681067e-01,3.700394876995078408e-01,4.018893154057280870e-01,2.852280501633047138e-01,4.397770310047252051e-01,4.694641287714041433e-01,1.793673427854477198e-01,5.896979275127733899e-01,3.921641190780212338e-01,4.744657209100183737e-01,2.715400867362554593e-01,4.166331076074948903e-01,4.525577294737759826e-01,2.593261439465002205e-01,2.744576310485289938e-01,4.229240146730190997e-01,3.671170983565138490e-01,4.103318057238125593e-01,2.802739508770061283e-01,4.035836572499626462e-01,3.808373796697090974e-01,3.807570462333527139e-01,2.415318356011764422e-01,2.192024518119040088e-01,5.289016525580573225e-01,2.557654042051300536e-01,2.453941968029619003e-01,2.993320756207087374e-01,4.759670936481884551e-01,3.021291281858323186e-01,2.120715434789448850e-01,3.294661008072208297e-01,1.715856566801524374e-01,4.605626214030552057e-01,2.690710673358391314e-01,3.482520476138159515e-01,2.820881076514124564e-01,3.597221287498670317e-01,2.591440147346685263e-01,1.637986399577403551e-01,1.317908121236816554e-01,3.097297277320542053e-01,1.704904077204546786e-01,2.268985236902236191e-01,5.571192464478319506e-01,2.136889442894472080e-01,3.456719464774459794e-01,3.809532314765114447e-01,3.286238927125716969e-01,4.455952332942285099e-01,4.173956375050960066e-01,1.615052043828975881e-01,5.510272262066271409e-01,3.559179048691790137e-01,1.610171859577622100e-01,4.287058144130216353e-01,4.858822800346246362e-01,4.692506299355894139e-01,4.651872959420436660e-01,4.644985820862529979e-01,3.094292948140712762e-01,4.948777789382506898e-01,2.917609310299256187e-01,4.837206157032921672e-01,4.217590065799519672e-01,4.534100938692985916e-01,3.446665175657284141e-01,3.531786303194331400e-01,3.294437291752986829e-01,3.575178645369881392e-01,2.359416752575438647e-01,1.866146491779229755e-01,4.312471023035496231e-01,4.289550022593530132e-01,4.299411466748137567e-01,4.620468515524084330e-01,4.393230282354619876e-01,3.541389410833298834e-01,2.126606829717747338e-01,3.009444948823621346e-01,2.415831536782818978e-01,5.709842332032528667e-01
3.910618907801960420e-01,3.300354825373911782e-01,5.628038746365063849e-01,4.965093698047821635e-01,2.439983228078522748e-01,0.000000000000000000e+00,8.316352247558480570e-01,5.751326369171337882e-01,2.012194061918895771e-01,4.356244763809160037e-01,5.652318833487602889e-01,5.086061430743917811e-01,4.643843944740592145e-01,2.094748756876271545e-01,4.683100973882131091e-01,2.576176239034568827e-01,3.421263052731827181e-01,3.787035932036849628e-01,5.965881255284272155e-01,4.308614225341727555e-01,5.809920675378534849e-01,2.095152153583166310e-01,4.461275542362843072e-01,5.533407448850897747e-01,3.654611873002209799e-01,8.250460141353977983e-01,4.696997429309527905e-01,5.921267562969224629e-01,2.468965440294346170e-01,5.765428985556058095e-01,6.939787298256349102e-01,4.348540591335591787e-01,2.354563436184672343e-01,6.508639834566907201e-01,3.546858062984830084e-01,6.330889187722930078e-01,4.416771789127418302e-01,6.308161378053682711e-01,4.839668960423132993e-01,4.719214956519877102e-01,2.243509531540674173e-01,2.408732351521687964e-01,7.445346257420006886e-01,1.098163014075994454e-01,1.890489842367761297e-01,4.641518905211585722e-01,7.137505949823900187e-01,4.815446929979769752e-01,3.879962314541937074e-01,4.688859427266548474e-01,1.210716389602460030e-01,5.241296675520832338e-01,3.297994738608442389e-01,5.346590574889750203e-01,3.972045992237985268e-01,5.778746508771185342e-01,4.651735216019044494e-01,3.723551388324900513e-01,2.651190855425957782e-01,4.660063293537560769e-01,2.974408203443814624e-01,1.856027542648703010e-01,7.913386319726761764e-01,3.672276048400038295e-01,3.781745841378285067e-01,4.928757431693503444e-01,5.303686517147958579e-01,6.538214016923477034e-01,5.759619327751548390e-01,3.267792678623851477e-01,7.830693769258548764e-01,4.271817069969288116e-01,2.594664713683082491e-01,6.296842743939224940e-01,6.551325488021665366e-01,5.503670271703924310e-01,6.439918042361575390e-01,6.178366844493657917e-01,4.408039690422849710e-01,6.879949546473397293e-01,3.533990685140076526e-01,6.369562041678241693e-01,6.197177326520869611e-01,6.302392717501691388e-01,5.594122948851366628e-01,5.316887614539226314e-01,5.464547446063587888e-01,5.969522546878032188e-01,3.585856447842289407e-01,3.054891446359639384e-01,6.712270594355180808e-01,6.237801166812283471e-01,6.497889613770643225e-01,6.808958765460578766e-01,6.689300054581824861e-01,5.309076326607171659e-01,2.576154789811563317e-01,3.732297757507157532e-01,4.652165968417191766e-01,5.915110766707943890e-01
6.048408330099308561e-01,5.324026523435720915e-01,5.334376056224070517e-01,6.821636891602305131e-01,5.925806465881635621e-01,8.316352247558480570e-01,0.000000000000000000e+00,6.622350799588022641e-01,7.158702398620367946e-01,6.911569296211956814e-01,5.217626907059590424e-01,4.990001604864188756e-01,4.453835903482157299e-01,6.597588821331673570e-01,5.143937620295234714e-01,7.476171192527912845e-01,5.506144764890193999e-01,5.983345536177219204e-01,3.626049411239201659e-01,6.643311592935547960e-01,3.833878325919056196e-01,8.135180032958195806e-01,7.710782769978051787e-01,6.459983614722104583e-01,5.020602350562066718e-01,1.429022784142976732e-01,6.155218061903972027e-01,5.850777353017143634e-01,7.785437637663771282e-01,4.479235822075052775e-01,1.444650537551204483e-01,4.940767762148675080e-01,7.738975056329420177e-01,2.520674251577917913e-01,7.973551455924927645e-01,2.799164164459802540e-01,5.782896154875842853e-01,2.222002813918430575e-01,6.046960673979882017e-01,6.016184198293202945e-01,7.740111932104133396e-01,6.902655775021656614e-01,2.150111933475102599e-01,8.408376096029487323e-01,7.950101074921767097e-01,5.381613069018199580e-01,2.432938526862946371e-01,5.675232589635030855e-01,5.380322216925066403e-01,6.518611617902412281e-01,7.498163752346106437e-01,6.875040344735536824e-01,6.712505436796830649e-01,4.020313403474706782e-01,6.181147878914750038e-01,3.901548965324643237e-01,4.881077787120388090e-01,5.351522154183566693e-01,5.938064561967569821e-01,4.751035512461453947e-01,5.769078822272230012e-01,7.931402082642132756e-01,1.186337676293305332e-01,6.134311865721492341e-01,7.894599356084256447e-01,6.730085502117675311e-01,3.690090564004514517e-01,2.702938163816112072e-01,5.486394001131477127e-01,6.082191023470313596e-01,9.232809491569787808e-02,6.367120856991486111e-01,6.734293015683555650e-01,5.033777943662886001e-01,4.022202363850797546e-01,6.262134262622625069e-01,5.626415825953321459e-01,4.900491006774420621e-01,5.206886944810323881e-01,4.686729586939136771e-01,7.120420070967252713e-01,6.182968673881771293e-01,4.976312327013153181e-01,4.766165132100760871e-01,3.720620216970426664e-01,5.535713610874551938e-01,3.491343032964430715e-01,3.030943525540065187e-01,6.176972384461077992e-01,5.951551357685657129e-01,2.179359839115490860e-01,3.241861890445595362e-01,3.926494231682823854e-01,2.290191668241609579e-01,3.681888267890913724e-01,4.133512915210644789e-01,7.261536596565221213e-01,6.207826726355947233e-01,4.449821787603372436e-01,8.068976784016487214e-01
7.010610976767097657e-01,4.930626563083713720e-01,4.315101690206282758e-01,3.382345980322425949e-01,4.295052456120202478e-01,5.751326369171337882e-01,6.622350799588022641e-01,0.000000000000000000e+00,4.299862350415213919e-01,4.723842413268008467e-01,2.685764316949613706e-01,6.680057029623324150e-01,3.104220321672102045e-01,5.504573291076203523e-01,3.948645659536936248e-01,3.244597539281358078e-01,3.798678387487771646e-01,2.802668098549429554e-01,6.785779591798740684e-01,6.962674092392436842e-01,7.142941013424853880e-01,5.506336559105838857e-01,7.593514890463135547e-01,7.651427177811094271e-01,5.079569076599255162e-01,6.339948718320248533e-01,7.993667931560315409e-01,7.202327441029255928e-01,5.630865569124955394e-01,7.096007774649200073e-01,5.386177866755953447e-01,4.987271222343542254e-01,5.699262010874740492e-01,5.334049817967346785e-01,5.903893700248209475e-01,5.393387214589601131e-01,3.848732566904001229e-01,5.932507028850032560e-01,6.517366759785880870e-01,7.309704315893048587e-01,4.284008502040357325e-01,5.965717338273986980e-01,7.305655185731566581e-01,5.058836989665872474e-01,4.694008614054212547e-01,5.030000741255762353e-01,4.530187040772825080e-01,1.520628291949625288e-01,4.010323508452979802e-01,1.451806402088777759e-01,5.126541430622275630e-01,7.526678507784991812e-01,5.572692794525605509e-01,6.522977603184808570e-01,4.683453359306722907e-01,3.739024596394948108e-01,3.504163230739812951e-01,3.075383159438548897e-01,5.506627846299748663e-01,6.748179968507018733e-01,5.883559224003332977e-01,4.051296877177101852e-01,6.643539353324863228e-01,3.002272204468770522e-01,3.296598519178013387e-01,3.485912926483750174e-01,6.149121186775141634e-01,6.914239164703193108e-01,4.599423424429039953e-01,2.903832468123053179e-01,6.743541318975191379e-01,7.535337971008033708e-01,3.844189194015413813e-01,2.224789353497337863e-01,7.981847075736524522e-01,8.661868397200104264e-01,3.607123067697558527e-01,6.931490917489028236e-01,6.956373694097867100e-01,4.382290791406617259e-01,4.184603977764386196e-01,3.331760454793206705e-01,2.241779146326676742e-01,5.353230634043363301e-01,4.600893325102669573e-01,3.087754160318499919e-01,5.039316756983921453e-01,3.809776221497169213e-01,4.203251620369071739e-01,5.792065738463395563e-01,5.019145414840652242e-01,7.066003927765555082e-01,3.284790711994046153e-01,6.423946724757186866e-01,3.117932217731125832e-01,6.580550681241977840e-01,3.555879035548419331e-01,7.032879851678639493e-01,3.109834420050315296e-01,8.792438127200925546e-01
3.682003675280056121e-01,3.104416130042808586e-01,3.703356369377459045e-01,4.653812624826513811e-01,1.630221189129422432e-01,2.012194061918895771e-01,7.158702398620367946e-01,4.299862350415213919e-01,0.000000000000000000e+00,2.508110044620256440e-01,4.747761559079343163e-01,5.230964290728349342e-01,3.573184650249229821e-01,1.719919280183441479e-01,4.243102411407707053e-01,1.664132059371427608e-01,1.722153626329341880e-01,1.905953513294087187e-01,5.656724436130164957e-01,5.078913469243042655e-01,5.414899697216607466e-01,3.290110543513071750e-01,5.589195898814861563e-01,6.177060016891492422e-01,3.418424930105647408e-01,7.265870080538553433e-01,4.970034251766219380e-01,6.301845228349015615e-01,1.544228128107279496e-01,5.760677474603629333e-01,5.767225451552709936e-01,4.172199331762934671e-01,3.483738897179525229e-01,5.702127542943645766e-01,4.531967903452563950e-01,5.616031351960046880e-01,2.463182821450599080e-01,5.456114705530401565e-01,5.305325999574947993e-01,5.265434387878227263e-01,2.626075920582107148e-01,3.279009237780257102e-01,6.506229035553161566e-01,2.113538170784832748e-01,2.606439380801600092e-01,2.979696921073899940e-01,5.969512648534229804e-01,3.170478568223637494e-01,3.505922577232608583e-01,3.005496112359781757e-01,9.601620281799078116e-02,6.018080924241180352e-01,3.930692133290747403e-01,4.497241984182747676e-01,4.099106824919156455e-01,4.882839049046529545e-01,2.825142193488335285e-01,2.055654586084731672e-01,2.247504050749523363e-01,4.272048660340798665e-01,2.922569192441668018e-01,1.436273264892267698e-01,6.669226497925316854e-01,1.740127667845285109e-01,3.599970780682608673e-01,4.644549399836832015e-01,4.385057936152009783e-01,5.768395468309663876e-01,5.487566569422847040e-01,1.585446630502369281e-01,6.857676972699877638e-01,4.113681482939669509e-01,6.154412374035863470e-02,4.492478467436634704e-01,6.114876510586109148e-01,5.603464497542315348e-01,4.448133989478555983e-01,6.262634223679764967e-01,4.359722438967614244e-01,6.202850641404025200e-01,3.722599281176051100e-01,5.730579256323271586e-01,5.007918029654078174e-01,6.010339632834467150e-01,4.935287301487712441e-01,3.343434927239384291e-01,4.849892074403658881e-01,4.750719348383062868e-01,3.551749553971688123e-01,2.415722175132389293e-01,5.268880786932925719e-01,5.700143059708039361e-01,5.363825283096602670e-01,6.130130472889508964e-01,5.070464783643990891e-01,5.110858241398272828e-01,2.334278760002184705e-01,4.273160209267610754e-01,3.585704270792993142e-01,7.000412555107126122e-01
4.242543746729992571e-01,4.760786509580838266e-01,1.961249921293374276e-01,6.396459487650713038e-01,3.413377635100561802e-01,4.356244763809160037e-01,6.911569296211956814e-01,4.723842413268008467e-01,2.508110044620256440e-01,0.000000000000000000e+00,5.832271593394573461e-01,6.662709602195154845e-01,4.544986202918751550e-01,3.232477436185196007e-01,5.774576424296669064e-01,3.640005323533980208e-01,2.241189528584699164e-01,2.255926791440573953e-01,6.523220854049851525e-01,7.028283396077925627e-01,5.966867708282379557e-01,5.773052153473491321e-01,7.728662349379278318e-01,7.968124727130786455e-01,4.939381006807985197e-01,7.444410544846672417e-01,5.920265590222137941e-01,7.983034630213635685e-01,2.243756679058004910e-01,6.933224131337828444e-01,5.734369425420233757e-01,5.745656166820716226e-01,5.897747395202662668e-01,6.322599851283559058e-01,6.907151459204045052e-01,6.357942260828155501e-01,1.280037110726459093e-01,5.781075596103658620e-01,7.148497878337986000e-01,6.902923946547303569e-01,5.014231200954408774e-01,5.424357504895410687e-01,6.273910704832010854e-01,4.584822445411841918e-01,5.070948732862323727e-01,1.748050748246149644e-01,6.210160628027336926e-01,3.509892408829097810e-01,5.194364633434772616e-01,3.314679081256948212e-01,3.186496851752081971e-01,7.953447767693764270e-01,6.092673115017414043e-01,4.442785887301998748e-01,6.074716623584919262e-01,5.782268967702977047e-01,2.271235866355723332e-01,2.687831959926983427e-01,3.565608933688080850e-01,4.847997054473380252e-01,4.326496324783599690e-01,3.723425778692869281e-01,6.149783787867751927e-01,2.041951451316986743e-01,5.584890643439227587e-01,6.403245583229039140e-01,4.393456483003318480e-01,5.871878302794003579e-01,7.034020806062123432e-01,2.708149329841731401e-01,6.857939979544940279e-01,4.519886591288956312e-01,2.162386270576104053e-01,3.948235128388298820e-01,6.356909561183646806e-01,6.150037267418332343e-01,2.891731260387692126e-01,7.680504877564281463e-01,5.313143525040067150e-01,7.269870885579620134e-01,5.884660625005712076e-01,7.023077604851617473e-01,5.673607063977579301e-01,7.378940927430543972e-01,5.975553921948555391e-01,2.231132591026886713e-01,5.829317299742974301e-01,5.101959949197538702e-01,5.532705042910714965e-01,3.193305315255975940e-01,4.767711886283596545e-01,6.114222522870126353e-01,5.938920418448124794e-01,6.636892316878917342e-01,4.748650580927143428e-01,6.138969434694190319e-01,4.534526067617952183e-01,5.835403527862768058e-01,4.559563202678482141e-01,9.022480849209890685e-01
6.335445890291553361e-01,3.530002461299275862e-01,5.194009076984095197e-01,1.860700950156994327e-01,3.799226591262308550e-01,5.652318833487602889e-01,5.217626907059590424e-01,2.685764316949613706e-01,4.747761559079343163e-01,5.832271593394573461e-01,0.000000000000000000e+00,4.620165272978024595e-01,1.690866736290706773e-01,5.213984030934176728e-01,1.717065626252904376e-01,3.838355412030073355e-01,3.943143327305015933e-01,3.626269398521441145e-01,4.823300217507470178e-01,5.055892224348498276e-01,5.580173611677149426e-01,4.705982919650095186e-01,5.756192115271858700e-01,5.446146429067607597e-01,3.542655797750744462e-01,4.486749818553786295e-01,6.750776376141599533e-01,4.814044882896540978e-01,6.182663389342148985e-01,5.014087497844917918e-01,3.997647447913915131e-01,2.963561578004468289e-01,4.614598328585781672e-01,3.263862962056684469e-01,4.465806266816351178e-01,3.245094698250524656e-01,4.695056530087299840e-01,4.288662376223474904e-01,4.349972104631137926e-01,5.409520348276418700e-01,3.884365258455278469e-01,4.758771866136772832e-01,5.998601233249962750e-01,5.068528044386674258e-01,4.284767599125182680e-01,5.386647541005858963e-01,2.874539552370554696e-01,2.593822556725153272e-01,2.267011069456347783e-01,3.242591216091601503e-01,5.237524913327871179e-01,5.381708581427447902e-01,3.953138692213635785e-01,5.637408844609501646e-01,2.795910501030706152e-01,1.469195145073614317e-01,3.920785005157764735e-01,3.238317001176518883e-01,4.900014207321709003e-01,5.621172003755730007e-01,4.908296512763362096e-01,4.518280969856187657e-01,5.572433926836860563e-01,3.864579851406542699e-01,3.173383637222033649e-01,1.845773895756569749e-01,5.202685434944419596e-01,5.488079257393758681e-01,2.007115829535500440e-01,3.360273510487326587e-01,5.112364798607356153e-01,6.897414133548835924e-01,4.405242258600846617e-01,3.338240015167526775e-01,6.553050110057416777e-01,7.539367451186136382e-01,4.986558875856851869e-01,4.513074507011002878e-01,5.649742873876421045e-01,1.806349451321415389e-01,2.941113964385227431e-01,1.328109588962717857e-01,9.836099479717676231e-02,2.699890461050408197e-01,2.322514380269911916e-01,4.280336859142760964e-01,2.945403740148628824e-01,2.364524702532500855e-01,2.599331329720468431e-01,5.391665887257951484e-01,4.289267945292752904e-01,5.458143976112506124e-01,1.449463348361686998e-01,4.471068232641454698e-01,2.979994848365813964e-01,4.717817156356101105e-01,3.336786286841266769e-01,5.596922637088570518e-01,1.682120192462908947e-01,6.692945170739863503e-01
3.894775662872064226e-01,2.185118107403373200e-01,6.401180909425615573e-01,4.802835066430960476e-01,3.637206465907027453e-01,5.086061430743917811e-01,4.990001604864188756e-01,6.680057029623324150e-01,5.230964290728349342e-01,6.662709602195154845e-01,4.620165272978024595e-01,0.000000000000000000e+00,3.648848522833232355e-01,4.126450763130335431e-01,3.027192080600399349e-01,5.495166885225990505e-01,4.568506077625062445e-01,5.378770562041644832e-01,1.536255171052070267e-01,1.736541489628847246e-01,2.364827818324035380e-01,4.338173008911896389e-01,2.784807659080692499e-01,1.668859679170996979e-01,1.885985599484813480e-01,4.541273757323607274e-01,3.061527337547762517e-01,1.620026139337178428e-01,5.965888583207664686e-01,8.484497838798100988e-02,4.074192294837712947e-01,1.762957295249026057e-01,3.720806498450509592e-01,2.982807251333292053e-01,3.868715095785688618e-01,2.681498938741293525e-01,5.824053809220062217e-01,2.914967948933834263e-01,1.460431746962654320e-01,1.123317600623748164e-01,4.708624048386445549e-01,2.799794012965672318e-01,4.249646855743057228e-01,5.303189086217138248e-01,4.710149525702008177e-01,5.477679209003549765e-01,4.469157000275608693e-01,5.614675715996644279e-01,2.832838801727454170e-01,6.256827211087555574e-01,4.956026086800306429e-01,2.039024490124912437e-01,2.586042661407229604e-01,3.666285187369631160e-01,2.866920499947624990e-01,3.596599290355432799e-01,5.170301365647438363e-01,4.599224057550119760e-01,3.448615673575689544e-01,2.825327389881241991e-01,2.738630624499001076e-01,5.555065522897126851e-01,5.078088438312334807e-01,5.466358188537074891e-01,5.566591459228816818e-01,4.642152648513475088e-01,3.467918737534870233e-01,3.283813817002356750e-01,3.471057101172789761e-01,4.928885795923445556e-01,4.172709787045740804e-01,4.304112108766190437e-01,5.231439062482582392e-01,6.416949918577093959e-01,3.354243197612892802e-01,3.944104652031910629e-01,7.192087601182516332e-01,1.382234717009428737e-01,2.312247836261396849e-01,4.348075338592181649e-01,4.078183231508356044e-01,5.287496813838929999e-01,5.287665702135817547e-01,2.956689307985873039e-01,2.630995748607957707e-01,6.298639625542047371e-01,2.151568299904991211e-01,3.959271849703389079e-01,3.170834944870273842e-01,3.963500768929283935e-01,4.787647828556200746e-01,2.611267608872525070e-01,4.667370350199977480e-01,2.739080055075865383e-01,5.654342528696696402e-01,1.120538889320316089e-01,4.730874969709534250e-01,2.030749271976292902e-01,3.643139744663528301e-01,3.206918734107331859e-01
4.697844473843717505e-01,2.233323679707078513e-01,3.945649819619824195e-01,2.786289423028162626e-01,2.406091303642565182e-01,4.643843944740592145e-01,4.453835903482157299e-01,3.104220321672102045e-01,3.573184650249229821e-01,4.544986202918751550e-01,1.690866736290706773e-01,3.648848522833232355e-01,0.000000000000000000e+00,3.740050035682512264e-01,1.520352829178076015e-01,3.239582845690243684e-01,2.463444093339937080e-01,2.536172234604513465e-01,3.695117557412931908e-01,4.299140361830239843e-01,4.170446214903516524e-01,4.179146624022933576e-01,5.161665530938069901e-01,4.838055681855933376e-01,2.229316779421156580e-01,4.091981598461347791e-01,5.258679607763817598e-01,4.386960663009395467e-01,4.840053011108028103e-01,3.999790596279352850e-01,3.041184864948354716e-01,2.099965427822528263e-01,4.002475922523837659e-01,2.573446727717546012e-01,4.271704531783639402e-01,2.540631568988034328e-01,3.387918154679008254e-01,3.091669099972642609e-01,3.794596449466552390e-01,4.406580013673414009e-01,3.460924939328956507e-01,3.729189723615974339e-01,4.723057575115077178e-01,4.346859293447103423e-01,3.764363174217620900e-01,3.842753888020593589e-01,2.609725127646698728e-01,2.100832079060295510e-01,1.506238721979845929e-01,2.873779051726642053e-01,4.021550568644668422e-01,4.853994778295228074e-01,3.328922335889551998e-01,4.002844807981487119e-01,2.530558643562889065e-01,1.328795967909007780e-01,2.558399229422100851e-01,1.888294183650433000e-01,3.350391072945942406e-01,4.022083783859097261e-01,3.405185264421483060e-01,3.797419104447071203e-01,4.503376428517181784e-01,2.746675299021641981e-01,3.458711879321837435e-01,2.722655692797004146e-01,3.585220383613778594e-01,4.119307790821565285e-01,2.616796920682403771e-01,2.263790348344181524e-01,4.227995018987829035e-01,5.253552491273064673e-01,3.205651991106842624e-01,2.954545360770876594e-01,5.108384080480599110e-01,5.977234480800586169e-01,4.156387540903783706e-01,3.989205219595529650e-01,4.142136145108999412e-01,2.772943214442951110e-01,2.943384891048774210e-01,2.955159387938479654e-01,1.997536665687431878e-01,2.939712773499231768e-01,1.719336799802610172e-01,3.286780481861418246e-01,1.996039057705279729e-01,1.518313630331465935e-01,2.204013435991372949e-01,3.774868212167263870e-01,3.137459603872504998e-01,4.111886991021245774e-01,1.894965785293468430e-01,3.525187922729533518e-01,2.549697904886450983e-01,3.492017427251931649e-01,2.895248035508581896e-01,4.304423215212816456e-01,1.467729011053633134e-03,6.193706058395057612e-01
2.055043033489600823e-01,2.379668186157118392e-01,4.115904302001775483e-01,5.223641976715082125e-01,1.423641814359021818e-01,2.094748756876271545e-01,6.597588821331673570e-01,5.504573291076203523e-01,1.719919280183441479e-01,3.232477436185196007e-01,5.213984030934176728e-01,4.126450763130335431e-01,3.740050035682512264e-01,0.000000000000000000e+00,4.223132564168639025e-01,3.067605595720138134e-01,2.045287810588335420e-01,2.960124450805652341e-01,4.532131571554320337e-01,4.085091307215883982e-01,4.085968049981327788e-01,3.348206831467700484e-01,4.683644055570801434e-01,5.135108941640531555e-01,2.617487184393706978e-01,6.781987314414854584e-01,3.275393095740201654e-01,5.415154894780740413e-01,1.857079754981334208e-01,4.579132479325482841e-01,5.304556671270949098e-01,3.622667172286790915e-01,3.242569755967192879e-01,5.188577607571536188e-01,4.394714953119302492e-01,5.059693654126118378e-01,3.091286647926528852e-01,4.646705191760533982e-01,4.490897776507496997e-01,4.002216982438777104e-01,3.260543262340576676e-01,2.411075228682720006e-01,5.520429346698444428e-01,2.782046367953208144e-01,3.115357441460713805e-01,2.851302028279084078e-01,5.858465213683432538e-01,4.169149133401495733e-01,3.417844582582061363e-01,4.310329000064700433e-01,1.263902241678584726e-01,5.071372134520607533e-01,3.443008959919614531e-01,3.309817216918989335e-01,3.961011583806623437e-01,4.885644599508737196e-01,3.215081211364373415e-01,2.643321004488282111e-01,7.656332345119655491e-02,2.798726797259683541e-01,1.449133929543956478e-01,2.763198132745339208e-01,6.039394686615479069e-01,2.842466041019774958e-01,4.587161448687684384e-01,5.158777879155809210e-01,3.306512327428200448e-01,4.675471682142138263e-01,5.460303773000737548e-01,2.619817039519020674e-01,6.126746802064746422e-01,2.505296855966029357e-01,1.974690068314591818e-01,5.287111557288979302e-01,4.711436092288621702e-01,3.914123658111745563e-01,5.207024145024684580e-01,5.365082773539635586e-01,2.804186858836406615e-01,6.280191681544231574e-01,4.067584939532603028e-01,6.254319349215901047e-01,5.590821096090478060e-01,5.704040613389431691e-01,4.594018527443872180e-01,4.149870340191583185e-01,4.282531352084666953e-01,4.694675484853707004e-01,3.582567950909446575e-01,9.680193458057624600e-02,4.966594239603668304e-01,4.488066617843410877e-01,5.606666841768057630e-01,5.280841744526294512e-01,5.451496633335770614e-01,3.927023203708597254e-01,3.185383750798128077e-01,2.798347469790890552e-01,3.750042585126254768e-01,5.966927078991544064e-01
5.183145074840158628e-01,2.104565911696687774e-01,5.414688648326291265e-01,1.974440547472293694e-01,2.903700619822090490e-01,4.683100973882131091e-01,5.143937620295234714e-01,3.948645659536936248e-01,4.243102411407707053e-01,5.774576424296669064e-01,1.717065626252904376e-01,3.027192080600399349e-01,1.520352829178076015e-01,4.223132564168639025e-01,0.000000000000000000e+00,3.649908607031484564e-01,3.587403970037070233e-01,3.733160604467316013e-01,3.577892248968095879e-01,3.341334781615364347e-01,4.397714271297775701e-01,3.564447029007106194e-01,4.085801504925274941e-01,3.781242785205812806e-01,2.088111709616486955e-01,4.429495803145906407e-01,5.311088359521668467e-01,3.258512901215687152e-01,5.582413590970416450e-01,3.559492707155806901e-01,3.857276634716273467e-01,1.319449117334532406e-01,3.283836616043070977e-01,2.751793787509836386e-01,3.163770257341284586e-01,2.571467751278088687e-01,4.731641664145192494e-01,3.584973549227460921e-01,2.664342916960359409e-01,3.726271199586215777e-01,3.142426176908792446e-01,3.252244983736777284e-01,5.390394750836533522e-01,4.288518934464134458e-01,3.430041975615306105e-01,5.108769561025082728e-01,3.250452783530425327e-01,3.325509360612767806e-01,8.346854861357826116e-02,3.955965282526752724e-01,4.435968732577478257e-01,3.708055680545289112e-01,2.370649424620242252e-01,4.768405405354224080e-01,1.284883435170891541e-01,1.521003977339966118e-01,3.991373016194883494e-01,3.115358701174341105e-01,3.804918094145202656e-01,4.431669006846938319e-01,3.603799149367835075e-01,4.088868582053138967e-01,5.405666688080946747e-01,3.917311495503191798e-01,3.139015809288982495e-01,1.836412554019051235e-01,4.380114867355973107e-01,4.651130736425406753e-01,1.292241053067030576e-01,3.257147601752929944e-01,4.742559251598771342e-01,5.741074538970382113e-01,4.062594940972103497e-01,4.351671917118339894e-01,5.450849963949458976e-01,6.199010853220068284e-01,5.657188581167100772e-01,3.084509138113943894e-01,4.276327159888652640e-01,2.226212183735663819e-01,2.066255210068700665e-01,2.405660960442459473e-01,2.575212993884370416e-01,1.853976682518579944e-01,1.491551941423579775e-01,4.749964231090358924e-01,1.926258685604119170e-01,2.539408508610883075e-01,1.277506495957549115e-01,4.417626916338123211e-01,4.333530527474779293e-01,4.406428202998088350e-01,2.438548184558653742e-01,3.687842904767202334e-01,3.868006993531083459e-01,3.339542482776478027e-01,2.831350600437689269e-01,4.013622782478401541e-01,1.509663164221458909e-01,5.033586397407696644e-01
5.046863698165955370e-01,3.352007090793566180e-01,4.462124847135588990e-01,3.386379855874588896e-01,2.230936075728965906e-01,2.576176239034568827e-01,7.476171192527912845e-01,3.244597539281358078e-01,1.664132059371427608e-01,3.640005323533980208e-01,3.838355412030073355e-01,5.495166885225990505e-01,3.239582845690243684e-01,3.067605595720138134e-01,3.649908607031484564e-01,0.000000000000000000e+00,2.545847121037257410e-01,2.076506582165511539e-01,6.096263863080074730e-01,5.170221665932736022e-01,6.200163195916942316e-01,2.839276321089362898e-01,5.576048763236191030e-01,6.229643167908888168e-01,3.687093219611495276e-01,7.306363847034782477e-01,6.056477261225660103e-01,6.204996371812289135e-01,3.137929692727375874e-01,6.128586357847460864e-01,6.035052608219396708e-01,4.047684499600882613e-01,3.198870549565998589e-01,5.714266902812569215e-01,3.902517030223024985e-01,5.620407017961931428e-01,3.288307315873451597e-01,5.882737303632504799e-01,5.196966728443049854e-01,5.640278681469795830e-01,1.680364679413849371e-01,3.566783451150395412e-01,7.247364637168393076e-01,1.870384301763348689e-01,1.901230368351435607e-01,4.183475152013153009e-01,5.791796734368312993e-01,2.614363368655229780e-01,3.077927307827799108e-01,2.310182921632586983e-01,2.211233806340229813e-01,5.976054874675917894e-01,3.682612988605199478e-01,5.574701513797080121e-01,3.499123767068746393e-01,4.442598694006106297e-01,3.382589901378159625e-01,2.313886951859108754e-01,3.390423108210521841e-01,5.319397986738986228e-01,3.852790375435128922e-01,8.120812907052737950e-02,7.223088317108097289e-01,2.067304016255565313e-01,2.047448941393112398e-01,3.421395054117613577e-01,5.350942387006546452e-01,6.511139325275997480e-01,4.722468025905476319e-01,1.574151083342038848e-01,7.226817254032662508e-01,5.539139128182241079e-01,1.679670808930791570e-01,4.231165335605913680e-01,7.060631708008852092e-01,6.839697978464734929e-01,4.737459766170314390e-01,6.245485268036186088e-01,5.306716063855614340e-01,5.466212449715760480e-01,2.704136390198972340e-01,4.570758002963177247e-01,4.174416582488284511e-01,5.501812674147984472e-01,4.717105010591126635e-01,3.651120167002303019e-01,4.863050636331716081e-01,4.648993701892159547e-01,2.902835485361708323e-01,3.789826937174904375e-01,5.701027592399739996e-01,6.410860987195474703e-01,4.807578226538717359e-01,6.433897491027078530e-01,4.900630861813344286e-01,5.596612821198764243e-01,1.155887976355632063e-01,4.986650337511774889e-01,3.249519718189565198e-01,7.011142017073901389e-01
