0.000000000000000000e+00,2.167282206232719333e-01,3.444278002489075119e-01,5.510341487624162982e-01,2.047654544214548844e-01,2.785049642437563699e-01,4.835998050006695137e-01,5.912246833061939322e-01,2.590562037229133807e-01,3.075457905925387259e-01,5.146290507656007263e-01,2.771427614270238204e-01,3.489819525062000105e-01,1.327746486665969394e-01,3.952756650953739848e-01,3.820478750346454899e-01,2.273350205550312975e-01,3.248871220025843498e-01,2.742852207581994439e-01,3.165219738912470326e-01,1.969293514022931457e-01,3.717154434472419999e-01,3.847010873611422244e-01,3.850905789149199343e-01,2.168321308601778297e-01,5.312906078495148732e-01,1.118884800385525347e-01,4.208962903063763195e-01,2.283485756116294674e-01,2.869872850450129187e-01,3.830140481545086240e-01,3.042549146909562796e-01,3.417841504489463333e-01,3.921288731207474010e-01,4.421424027705683213e-01,3.809788237029870239e-01,2.929085690700640177e-01,2.986130150878617551e-01,3.592750914781773774e-01,2.627476377744636937e-01,3.874629347810040758e-01,2.340546404428455463e-01,3.231190273063874185e-01,3.525029122452998931e-01,3.729054993332663881e-01,2.151710522735669207e-01,4.877656984920878402e-01,4.310216350612283143e-01,3.304898655380099082e-01,4.654562228066067564e-01,2.258974927546994749e-01,3.993967394353521994e-01,3.255027174551640146e-01,1.374374976924475633e-01,3.830120132576408376e-01,4.317398068999149796e-01,2.903938549622835374e-01,2.819322863373734389e-01,1.089664971567121388e-01,9.318440731586498382e-02,1.095037771513605596e-01,3.596464479544984050e-01,4.095084407716060304e-01,3.165673054488000737e-01,5.231473976625444777e-01,5.400272829679362285e-01,1.567229804534826521e-01,2.530891518046694544e-01,5.117178777046367255e-01,3.083864717590855675e-01,4.236669861260254355e-01,3.400071519016425320e-02,2.675016932690219007e-01,5.055723828404703468e-01,2.157227088511217972e-01,1.279904483675387006e-01,4.758345289800659517e-01,4.001648492191930973e-01,1.067198557080164395e-01,5.879733407160276926e-01,4.355566791937411364e-01,6.440512980088735073e-01,5.506496785669120486e-01,4.980270358295729172e-01,3.771428876612752945e-01,3.899893191167791429e-01,3.257920071970517029e-01,3.892522248072019520e-01,3.639919991325137882e-01,8.167421093930660181e-02,3.582958142387128175e-01,2.361895009042486726e-01,5.145042226197104052e-01,3.533930289929199109e-01,4.851094839915170431e-01,2.314169172789288242e-01,3.817538346435764840e-01,1.622568396659615497e-01,3.496703093154502340e-01,4.774311438381568795e-01
2.167282206232719333e-01,0.000000000000000000e+00,3.591436564914711194e-01,2.531173271182206586e-01,9.394373022301756582e-02,2.275630679099394094e-01,4.091407755952194414e-01,3.709072029053345765e-01,2.118554403196777347e-01,3.548600754721896178e-01,2.463690686513748396e-01,1.421325114999246741e-01,1.456315483058840676e-01,1.563579917719281898e-01,1.363230822795806207e-01,2.317553419432936135e-01,1.735662269896652843e-01,2.304201465254803460e-01,1.932717555907019769e-01,1.601586758035170865e-01,2.149780165624389783e-01,1.958061683291143218e-01,2.285635444586260057e-01,2.254992399386636648e-01,2.234267879394441145e-02,3.842852049976251960e-01,2.335069566960034093e-01,2.245893030084779307e-01,2.923100040641486430e-01,1.873722180073182086e-01,2.863248787223363623e-01,7.717329353947534332e-02,1.641859012658950234e-01,2.263473658550387291e-01,2.111361190057890469e-01,2.094723553861169152e-01,2.839915473271434898e-01,2.223528728182780079e-01,1.570243680943054221e-01,1.648256588870566919e-01,1.932594605771615626e-01,1.055931053695253474e-01,3.504360563661013672e-01,2.357636347900379792e-01,1.967060647035352439e-01,2.808285795380473515e-01,3.053807101326994067e-01,2.668047512226021101e-01,8.680574774908213220e-02,3.104790128653512893e-01,2.015481175733270791e-01,2.237919139919277156e-01,1.123449580529499864e-01,2.288941507715118451e-01,1.242527880039132060e-01,2.007268552821344920e-01,2.407553370452885366e-01,1.748541525892993442e-01,1.180156944566064237e-01,1.777580032857417891e-01,9.493692015751667435e-02,2.387271701895975762e-01,3.946266258147428374e-01,2.360309334352358457e-01,2.716349802848211925e-01,2.431928353548787891e-01,2.087936709162280802e-01,2.666948624199970141e-01,2.215927572166339066e-01,1.892265091425462675e-01,3.536834289327501768e-01,2.620021942624834455e-01,2.109249400098819893e-01,3.665688669295686930e-01,2.988790135605771114e-01,3.119217560383151233e-01,4.329406019526850224e-01,2.164778328020172948e-01,1.592294543989562494e-01,3.002547508535491350e-01,1.784618739990027902e-01,3.257879118504786731e-01,2.990682498416094570e-01,2.320760786910923690e-01,1.618873448532513193e-01,3.329515744555131551e-01,1.434184483900749763e-01,2.209243849961032569e-01,1.128640495267730359e-01,1.668890129351049689e-01,3.048308557157685672e-01,2.367075139953992435e-01,2.801028566515838536e-01,2.513956778394745850e-01,3.359813477973072615e-01,1.506818868904296060e-01,1.839852057278873465e-01,1.388743116278089995e-01,1.457404396195568219e-01,3.272565250494968159e-01
3.444278002489075119e-01,3.591436564914711194e-01,0.000000000000000000e+00,5.105291638567116541e-01,2.737681166172308278e-01,4.397346477630763584e-01,4.101670668735610814e-01,3.140234547824536371e-01,2.608539542272634293e-01,1.261021140637001992e-01,3.963379291992887299e-01,5.218613354876033839e-01,2.815245959325046177e-01,2.963519557299206797e-01,4.181673137203540391e-01,3.272940471948872498e-01,1.599834433611998230e-01,1.602218429101012753e-01,4.656702756061830151e-01,6.136305439475584489e-01,4.174832921243039063e-01,5.411103338435289123e-01,7.235659758336925318e-01,7.015902900404766829e-01,3.640538199764352112e-01,4.784972774646392146e-01,4.922979494322684002e-01,6.770412024065562973e-01,2.774881010102845935e-01,5.319266042248653736e-01,3.141657867523071079e-01,4.254703744160797108e-01,5.406524523238809277e-01,4.015259527100805692e-01,6.365324271689636326e-01,4.139777435366623348e-01,7.730546753775299762e-02,3.511337877212665215e-01,5.995140739932459661e-01,5.821467780592982644e-01,4.516780131908471607e-01,4.762405417849899791e-01,3.838969309369974492e-01,4.514459410941129014e-01,4.687528359384956489e-01,9.695114360564961731e-02,3.617318124044720529e-01,2.079668825584269909e-01,3.828990151382690721e-01,2.231665083588079967e-01,3.251469994168956212e-01,7.140662857352330084e-01,5.204490290827759047e-01,2.769767354976433449e-01,4.888288846125113385e-01,3.692376366864802972e-01,9.042893890985836958e-02,1.712575262839740875e-01,2.935980232909766729e-01,3.478070033216743573e-01,3.467343545149649264e-01,3.606609355541374184e-01,3.383487026950432464e-01,1.576407940240577010e-01,4.812007054979007270e-01,5.102421188722606749e-01,2.629121286040315142e-01,3.697339703441006598e-01,5.395498508974738705e-01,2.062098920115451595e-01,4.240659778947143965e-01,3.746492246143203753e-01,2.162139443261466842e-01,1.797824991175193399e-01,4.517131808109082769e-01,5.088789048590065534e-01,9.033314113585143301e-02,6.137411845439143532e-01,4.072956605997036794e-01,5.214011263849815947e-01,4.968233616611787973e-01,5.303518734928375222e-01,3.582253815290344923e-01,5.582505762876813771e-01,3.976223296732397383e-01,7.683219229895535407e-02,3.857436355447397824e-01,2.799143977322594568e-01,4.389050353307170083e-01,2.651072387137189401e-01,2.174298532228132463e-01,4.124297840355813927e-01,3.631631371893966898e-01,4.362601877719280430e-01,2.225159813543316212e-01,4.458974679308583267e-01,3.898242003208151618e-01,4.911573645370929664e-01,2.826348670164819943e-01,8.807966521373696844e-01
5.510341487624162982e-01,2.531173271182206586e-01,5.105291638567116541e-01,0.000000000000000000e+00,2.751915925946706865e-01,3.741971872974327873e-01,5.692623861937127216e-01,2.342278633980360847e-01,3.448917808924238937e-01,5.213402900041421706e-01,1.190181284272796430e-01,3.588076325799874344e-01,1.869989909356395141e-01,3.992412587299977722e-01,1.270367306402944152e-01,2.345571765801467146e-01,3.318308225682527479e-01,3.027755892283059969e-01,4.307129695925593915e-01,3.370738998615864235e-01,5.140701183520489659e-01,2.468066346391879773e-01,3.728783226795566730e-01,3.899764071357811890e-01,2.647861913774859355e-01,4.811125003664464828e-01,5.842232219024183770e-01,3.466528571550068216e-01,4.971536666001430405e-01,4.201067754974577295e-01,4.312353182613004043e-01,2.140917610788048153e-01,2.492418068908711370e-01,3.355407420977115640e-01,2.137547805168187876e-01,3.233076871681733189e-01,4.254633473087155449e-01,4.260760017096555941e-01,2.867025574183004188e-01,4.049442378156092315e-01,1.893313200609097746e-01,3.041210433638462107e-01,6.233893350672886635e-01,3.013616140645891672e-01,2.209419439969932120e-01,5.036081223702153498e-01,3.397822212777837914e-01,2.434469089993497593e-01,1.489471281469420261e-01,2.693982216789757023e-01,3.723720121962306173e-01,3.643562963831658563e-01,2.194358531342448237e-01,5.353532363107535996e-01,1.365525648207093212e-01,1.976242060392334188e-01,3.713104591874586413e-01,2.781688170637031665e-01,3.829886744753212557e-01,4.980007609057987561e-01,3.794640392617124047e-01,2.789385936830464097e-01,6.045234649345089251e-01,3.192556618950174174e-01,1.191951517982120234e-01,1.006820537612091240e-02,4.941369171857810660e-01,5.418141150819251184e-01,1.327309725538181884e-01,2.601254797216025483e-01,5.387245478691916611e-01,6.166386718916971876e-01,3.328903498922758941e-01,3.543635356766804412e-01,6.356561313955561010e-01,6.998914397697588718e-01,5.027270390705010916e-01,3.543485447817516509e-01,4.783365649674085063e-01,1.960022240331861787e-01,1.026298902639196098e-01,1.019174528580377576e-01,1.815246539362448397e-01,2.164579834005491421e-01,2.310553645486148333e-01,4.102315162967286044e-01,2.755760719061531860e-01,2.837464597382318154e-01,1.256862160987273491e-01,4.461297792859988398e-01,4.631830215002832318e-01,5.179649867356391768e-01,2.258471424526091731e-01,4.379407209523128452e-01,3.503690310916100503e-01,4.031668328655665934e-01,1.676783739800407347e-01,4.269625736673566818e-01,1.865506421350160704e-01,4.786074334297095167e-01
2.047654544214548844e-01,9.394373022301756582e-02,2.737681166172308278e-01,2.751915925946706865e-01,0.000000000000000000e+00,1.608247175985005051e-01,4.706153965947805218e-01,3.122288427152656864e-01,1.030463814584237636e-01,2.367646151879474747e-01,2.689730472527604443e-01,2.552970372792305875e-01,1.583114819489540859e-01,8.904038293553910577e-02,1.960808378293351639e-01,1.454578450069872742e-01,8.991620292340789244e-02,1.390636746789878087e-01,2.937082650185004473e-01,2.606043875253342135e-01,2.878723856900466394e-01,1.920903251628748587e-01,3.214612657761220516e-01,3.486837968746470673e-01,1.143352453663076668e-01,4.675854386166132803e-01,2.794539343862136316e-01,3.533502412316499863e-01,1.815671089400004434e-01,3.007922699598914451e-01,3.330819360490621661e-01,1.722979501747810838e-01,1.837980346868666459e-01,3.063631922580122846e-01,2.581456319848491887e-01,2.952471651809382980e-01,1.882650035671979138e-01,2.893474566901133027e-01,2.697517845835425976e-01,2.696833650552061812e-01,1.589948649696675542e-01,1.426327838008443205e-01,4.056769404827021974e-01,1.696169504313716769e-01,1.618622987882716302e-01,2.030851395997449182e-01,3.547555703102062141e-01,2.052840726832896312e-01,1.374840393756692758e-01,2.271022619520299268e-01,1.089377922024969830e-01,3.404362776784566336e-01,1.796842298347305356e-01,2.424452413966092235e-01,1.896636110471466019e-01,2.519558675904849943e-01,1.721605872352705846e-01,1.035785228854518292e-01,8.198284814143252941e-02,2.112905240071325519e-01,1.081814830651502690e-01,1.482309448182028699e-01,4.339430756590753058e-01,1.386486373267245831e-01,2.403208910888308680e-01,2.698504645842002558e-01,2.264211359604510754e-01,3.267329717115187715e-01,3.014656644064687141e-01,1.020080477131989488e-01,4.277728853253699448e-01,2.487894281169290567e-01,1.016743319867857709e-01,3.115142725635028365e-01,3.640896435003589393e-01,3.484851231496181589e-01,3.447120168529224649e-01,3.440740132150812425e-01,2.110522362147608522e-01,3.726383747228822485e-01,1.971637669172948137e-01,3.620467744098060936e-01,3.053288716990309459e-01,3.338622319570840880e-01,2.394945447956468576e-01,2.465168456213169823e-01,2.270841617376099242e-01,2.501196843206519027e-01,1.548642711705519037e-01,1.193999620376427484e-01,3.137877779621487395e-01,3.117369473991633000e-01,3.126187128309109720e-01,3.418063673529598279e-01,3.210511955282411289e-01,2.473128390369435381e-01,1.379080269964857441e-01,2.043520095308427875e-01,1.590328911816318302e-01,4.481268919796373984e-01
2.785049642437563699e-01,2.275630679099394094e-01,4.397346477630763584e-01,3.741971872974327873e-01,1.608247175985005051e-01,0.000000000000000000e+00,7.548656327220594209e-01,4.524090535010988900e-01,1.297185647936925368e-01,3.177174687859836144e-01,4.422183858822455460e-01,3.858340484335108234e-01,3.439682757316547823e-01,1.356182622787860392e-01,3.476104049293533560e-01,1.710103570577967691e-01,2.374104815264111989e-01,2.679363154563058624e-01,4.748421008395264931e-01,3.134423663356428746e-01,4.584877565768887830e-01,1.356472104074049334e-01,3.272168256750494497e-01,4.301116642286540448e-01,2.567556153049198597e-01,7.460858546500702682e-01,3.489030995014493763e-01,4.701377436675945876e-01,1.629806431157666269e-01,4.538688371548352252e-01,5.829449940092522597e-01,3.170245958106283624e-01,1.545067456971708497e-01,5.337870217563028818e-01,2.477664726698115549e-01,5.141294739681305792e-01,3.231795635428187929e-01,5.116410935455769637e-01,3.622792974645724362e-01,3.509735834441859437e-01,1.463730568746058058e-01,1.585070214243751718e-01,6.433527731689293594e-01,6.755180009442314504e-02,1.211094277141495090e-01,3.437530148884996306e-01,6.062068763955731354e-01,3.599948854679882460e-01,2.758710599732940860e-01,3.481458574884920276e-01,7.490375946895576342e-02,4.009750995660810169e-01,2.273720320430294706e-01,4.113796631511359436e-01,2.838069197825076051e-01,4.552492458400332898e-01,3.446992524151498150e-01,2.625577721970362988e-01,1.766800997239170168e-01,3.454713167834685961e-01,2.016017903785303766e-01,1.186906015139227444e-01,7.020664004203838182e-01,2.582384760800600088e-01,2.674868226656693104e-01,3.707291130268234869e-01,4.071268908284498278e-01,5.370916859825096701e-01,4.532672211160119202e-01,2.249313197092120686e-01,6.914921015186935582e-01,3.101535335551495742e-01,1.724038030195939319e-01,5.104039678319217677e-01,5.385599115910322254e-01,4.271064696254714965e-01,5.261455801967764856e-01,4.975382538777315400e-01,3.223895171415473437e-01,5.759951782552069632e-01,2.466994973752165143e-01,5.183766365948918597e-01,4.995707845992699569e-01,5.110104044882001206e-01,4.362753018607350430e-01,4.084334783504842692e-01,4.231663635381733291e-01,4.752269894539213890e-01,2.510086549391346566e-01,2.079337308077503776e-01,5.567403099771609520e-01,5.039733823220502451e-01,5.325881956101267134e-01,5.678037555801218605e-01,5.541276174212808048e-01,4.076601425144910640e-01,1.710087419607834169e-01,2.632967563554461932e-01,3.447391700640515255e-01,4.694901776031159546e-01
4.835998050006695137e-01,4.091407755952194414e-01,4.101670668735610814e-01,5.692623861937127216e-01,4.706153965947805218e-01,7.548656327220594209e-01,0.000000000000000000e+00,5.465468881348169994e-01,6.087280747225266575e-01,5.796624512336142621e-01,3.986512267609274018e-01,3.765817848568935311e-01,3.265406700684346242e-01,5.437558974113632093e-01,3.914516087745131823e-01,6.471356707229586336e-01,4.273561974661507779e-01,4.766893714837587281e-01,2.543634073105689453e-01,5.489148439657498546e-01,2.719268505260987179e-01,7.308638433778118504e-01,6.763129987299449919e-01,5.283713232839818419e-01,3.795195379003292180e-01,8.940155236739026623e-02,4.950421983118743485e-01,4.627474446041963119e-01,6.857418957389853631e-01,3.288512299693229779e-01,9.045158602493816313e-02,3.718740316040713423e-01,6.798654102765514518e-01,1.668427055457847030e-01,7.098151501185006040e-01,1.879896648599716780e-01,4.556797472187052445e-01,1.448082988482843614e-01,4.834455573300056597e-01,4.801716037109027280e-01,6.800088742048796542e-01,5.786274830375625067e-01,1.396021137370299647e-01,7.672245489459381673e-01,7.067893981346305976e-01,4.148647441639908839e-01,1.603016204634970798e-01,4.445678923154019468e-01,4.147360749814547609e-01,5.349001920942797472e-01,6.498417780923914089e-01,5.754268460104186023e-01,5.567670521996286315e-01,2.879959347300570793e-01,4.978385124536602313e-01,2.777248661435012811e-01,3.661974575105257923e-01,4.118696655360631342e-01,4.719064652496532952e-01,3.539470114321828786e-01,4.542469728672041684e-01,7.043817870864006458e-01,7.330431981841728506e-02,4.927929134782225717e-01,6.996563378998847949e-01,5.587707318913899268e-01,2.597366127615980957e-01,1.806161196358629650e-01,4.253646552627915467e-01,4.872056968645989139e-01,5.629146000320698479e-02,5.181080528061486890e-01,5.592508039121675267e-01,3.807872011566123538e-01,2.881602846369179516e-01,5.066190526406549877e-01,4.395688455963920327e-01,3.680399567062872523e-01,3.975986014211522757e-01,3.479477773284959663e-01,6.041784936478062917e-01,4.980351425659384490e-01,3.752704852459358698e-01,3.553641001494619034e-01,2.623102609464123547e-01,4.303450951206932440e-01,2.431729132944827065e-01,2.060443228187755493e-01,4.973877303261958760e-01,4.733287748593300037e-01,1.417156700107891354e-01,2.228416541022878727e-01,2.798720916584014895e-01,1.497810977407422750e-01,2.590464976376816719e-01,2.978999331857560828e-01,6.210357659607607106e-01,5.007231812747348076e-01,3.261760538510261598e-01,7.222011190652828372e-01
5.912246833061939322e-01,3.709072029053345765e-01,3.140234547824536371e-01,2.342278633980360847e-01,3.122288427152656864e-01,4.524090535010988900e-01,5.465468881348169994e-01,0.000000000000000000e+00,3.126590495866017894e-01,3.514054020592369265e-01,1.793075783494761377e-01,5.530779985162069812e-01,2.118398965739223816e-01,4.271975959055110406e-01,2.817833258533819496e-01,2.230618542616493172e-01,2.689263991446905200e-01,1.882595032737886531e-01,5.651417458300830310e-01,5.856141796144808120e-01,6.068528372560554329e-01,4.273755560730648217e-01,6.616434834277594712e-01,6.688664671973355569e-01,3.852059153418545545e-01,5.151229446674117085e-01,7.124163955775439927e-01,6.139338762914213765e-01,4.400235082801584596e-01,6.012863480564789587e-01,4.153198859976656721e-01,3.763200974487728168e-01,4.470375856516323188e-01,4.101346998760151408e-01,4.683114014548992454e-01,4.160391310340248450e-01,2.731962019772611883e-01,4.713209289084978604e-01,5.347611654205993714e-01,6.268443808306033427e-01,3.112418313382469548e-01,4.748247779235656996e-01,6.263550125204846442e-01,3.832028210551589598e-01,3.486249182985167727e-01,3.804236144128826935e-01,3.335038520829836095e-01,9.558000280295880779e-02,2.871272751570611570e-01,9.093293880668125440e-02,3.897596864900499392e-01,6.533592910444664392e-01,4.340955085913107414e-01,5.353879253686594231e-01,3.476431628014284847e-01,2.638655494833080373e-01,2.442314498143557944e-01,2.095540522035072850e-01,4.274049576401117156e-01,5.608367220961568700e-01,4.661778655479252853e-01,2.906955922550626403e-01,5.489406014890650942e-01,2.037881982725547603e-01,2.272590370879742916e-01,2.427249698945092293e-01,4.943857534676930898e-01,5.799726350179078560e-01,3.398643017222358620e-01,1.960910964534961221e-01,5.603067339294044436e-01,6.544294890087903882e-01,2.728077532863949495e-01,1.450108485859956386e-01,7.108872161417560953e-01,8.018629354510172780e-01,2.527820182463945686e-01,5.819789314063636976e-01,5.848787825405349361e-01,3.200638691127163371e-01,3.024068197088947141e-01,2.301094750095522279e-01,1.462470352120411599e-01,4.120394766926958052e-01,3.399998131533598644e-01,2.105338609109665970e-01,3.813206058202970872e-01,2.698712414757468148e-01,3.040575251116854338e-01,4.566316713484923628e-01,3.793794642819888208e-01,5.977414244308302260e-01,2.263040710385755827e-01,5.243771754612455149e-01,2.129291162422413952e-01,5.418394914930687589e-01,2.485153194310776303e-01,5.938401819363109402e-01,2.122856781458928588e-01,8.200501690199476501e-01
2.590562037229133807e-01,2.118554403196777347e-01,2.608539542272634293e-01,3.448917808924238937e-01,1.030463814584237636e-01,1.297185647936925368e-01,6.087280747225266575e-01,3.126590495866017894e-01,0.000000000000000000e+00,1.659024641317090321e-01,3.536406445241749297e-01,3.999600004464691216e-01,2.499537812473030807e-01,1.092185479882636645e-01,3.075954864606285089e-01,1.053732975221065016e-01,1.093730021882040049e-01,1.221974980372059205e-01,4.426697049522826388e-01,3.851425082161938906e-01,4.181884218716660495e-01,2.267341771888985447e-01,4.357737275752834316e-01,4.973971891005339874e-01,2.371779623919640090e-01,6.215572024615095836e-01,3.746697068620619686e-01,5.109505662675055682e-01,9.718091385543860261e-02,4.533767709222521480e-01,4.540549400004686986e-01,3.013104533936107887e-01,2.425456968212081899e-01,4.473324952487177653e-01,3.336669011170961818e-01,4.385085748871004885e-01,1.625499872027356962e-01,4.223191097508010583e-01,4.072890659189368212e-01,4.033505861498100642e-01,1.747771287471431290e-01,2.258369006507682797e-01,5.335180659678685489e-01,1.369678486680015461e-01,1.732925841104462072e-01,2.020163125246924873e-01,4.752259429978737959e-01,2.171170496358669211e-01,2.443768212441946031e-01,2.040415624793202320e-01,5.864980812118220782e-02,4.803730832439994103e-01,2.802339632538675684e-01,3.304927589559519263e-01,2.948778236034611533e-01,3.663644705232844134e-01,1.899924860765847823e-01,1.328183608078321309e-01,1.466640557029605108e-01,3.101741946717760934e-01,1.975503072613345734e-01,8.988851039445650004e-02,5.518493393913236345e-01,1.106167544533648711e-01,2.521851883077619871e-01,3.440335992964511647e-01,3.203135113349275254e-01,4.541761645308242112e-01,4.254827798420951490e-01,9.998607711695736699e-02,5.734189468614732110e-01,2.961567408576894489e-01,3.694237990752573947e-02,3.300582061060802763e-01,4.907060891177180140e-01,4.372269513574570388e-01,3.260227889327429462e-01,5.066734795498826216e-01,3.180304076062960283e-01,5.001845546363605788e-01,2.624773672933043978e-01,4.502652263713800007e-01,3.783007183666008411e-01,4.795510055520895154e-01,3.713514206797192130e-01,2.310580964099567258e-01,3.632451147393705448e-01,3.539174213539670877e-01,2.481724400794254048e-01,1.590247874226811409e-01,4.036902277786005855e-01,4.471282508297835245e-01,4.130931600262001124e-01,4.923436040230804167e-01,3.843257646667439520e-01,3.882368883454579422e-01,1.530143270354632767e-01,3.102733671211416744e-01,2.509959789101381955e-01,5.900288129624372546e-01
3.075457905925387259e-01,3.548600754721896178e-01,1.261021140637001992e-01,5.213402900041421706e-01,2.367646151879474747e-01,3.177174687859836144e-01,5.796624512336142621e-01,3.514054020592369265e-01,1.659024641317090321e-01,0.000000000000000000e+00,4.608158909968660955e-01,5.511106774946319398e-01,3.348596896218430374e-01,2.220867302754511163e-01,4.548168040280485269e-01,2.555314110771109704e-01,1.462040991140018120e-01,1.472780294537554269e-01,5.354151056905760431e-01,5.932998471146785358e-01,4.749463561897241948e-01,4.546587806620426830e-01,6.785647802454926047e-01,7.091143198898436362e-01,3.717417650147733510e-01,6.432381229129023881e-01,4.700323299481410366e-01,7.110407598926608008e-01,1.463910580806383199e-01,5.821806872933281696e-01,4.506565376710910398e-01,4.518227020963742624e-01,4.676660606883284443e-01,5.132212511577344261e-01,5.791493713308776270e-01,5.170987926811103641e-01,7.947312150656336838e-02,4.554908529578818865e-01,6.075136373560403591e-01,5.786586075545240293e-01,3.789071493597317986e-01,4.191348062806752317e-01,5.079017862994741339e-01,3.385193057517173476e-01,3.843725299309128096e-01,1.111657192671820921e-01,5.009759022727410249e-01,2.447049348022415916e-01,3.963727144256552481e-01,2.287235043190662953e-01,2.183980863982085407e-01,7.072207807366972521e-01,4.883270112315705180e-01,3.255373113555176112e-01,4.864068457648248467e-01,4.556146687777601900e-01,1.483953059981196754e-01,1.794650010342222490e-01,2.493237729579905748e-01,3.630660102911832388e-01,3.150449961187603565e-01,2.625471640971450693e-01,4.944570757248035742e-01,1.318395382934695603e-01,4.353356543300149761e-01,5.220892655657843884e-01,3.210716223089993826e-01,4.649542392436177285e-01,5.939743449332042236e-01,1.810136229825506371e-01,5.734493349576539334e-01,3.325613514502283041e-01,1.404883476913855733e-01,2.817478665414064887e-01,5.169852970537884840e-01,4.944843614657651321e-01,1.951501099099886283e-01,6.725089245703591567e-01,4.080627293232580999e-01,6.220388092489832488e-01,4.662933157553282304e-01,5.926881819012407293e-01,4.444010384185844709e-01,6.352428891000991840e-01,4.758648209864929091e-01,1.454721403492174325e-01,4.605078649438959504e-01,3.873739479304609823e-01,4.300405770369016278e-01,2.189432042048254645e-01,3.555090949441379045e-01,4.906359392744276127e-01,4.719966663838202070e-01,5.481891264142433329e-01,3.537238266483134774e-01,4.932936114345875533e-01,3.339011677470652972e-01,4.611425379540826652e-01,3.361971365763488651e-01,8.526766118881891066e-01
5.146290507656007263e-01,2.463690686513748396e-01,3.963379291992887299e-01,1.190181284272796430e-01,2.689730472527604443e-01,4.422183858822455460e-01,3.986512267609274018e-01,1.793075783494761377e-01,3.536406445241749297e-01,4.608158909968660955e-01,0.000000000000000000e+00,3.417783547445492065e-01,1.072133641352353006e-01,3.982940612116363521e-01,1.090213329231999595e-01,2.723092360940635448e-01,2.813081871170592385e-01,2.543818059318159741e-01,3.607349333961666349e-01,3.829186401796247363e-01,4.348558980182254952e-01,3.497399165565617807e-01,4.529124818168803190e-01,4.213184987169782403e-01,2.474178658302019218e-01,3.295358829521288224e-01,5.611334815711048751e-01,3.598628258735409036e-01,4.980021719771874911e-01,3.788933412591454220e-01,2.860262916420787671e-01,2.007523329029679560e-01,3.412642485518500579e-01,2.246142900211101912e-01,3.276288495434190873e-01,2.231018784706799429e-01,3.487224426446368097e-01,3.116576207518078623e-01,3.171532982541214740e-01,4.176505428340576143e-01,2.762488486966783174e-01,3.546713552748529397e-01,4.783056729598212931e-01,3.841386351952720268e-01,3.113096378706479705e-01,4.153667275505894541e-01,1.938152439374266900e-01,1.723402750151260543e-01,1.480868038291234534e-01,2.229003537099216448e-01,4.006044234294858231e-01,4.148742652823226296e-01,2.821715032567245207e-01,4.406924500050897753e-01,1.877391844685928901e-01,9.210406201768275847e-02,2.793801830905208172e-01,2.225564054668799086e-01,3.679946610436172216e-01,4.390333056980770809e-01,3.687817822605273244e-01,3.324145230473332657e-01,4.340692061051539263e-01,2.745524932086024772e-01,2.173492256084785246e-01,1.179725302024173528e-01,3.971871183374993675e-01,4.255344324021679281e-01,1.293572411481624940e-01,2.324282851098800895e-01,3.883830675851729919e-01,5.780192953410454582e-01,3.221365622390224281e-01,2.306358416668263800e-01,5.387531784705754667e-01,6.549277968239586301e-01,3.762518359439176452e-01,3.319385725625580985e-01,4.419545913406186521e-01,1.152184516899342481e-01,1.989972635904971865e-01,8.266052994728870229e-02,6.015370651058406237e-02,1.803837394223079815e-01,1.521501640899154406e-01,3.109139335879217980e-01,1.993323557799087375e-01,1.552407419962873736e-01,1.727559255928198811e-01,4.158673546247002584e-01,3.117117381211868543e-01,4.225229292259847225e-01,9.077529093094499624e-02,3.281076068278127034e-01,2.020396701643494830e-01,3.508431847511044865e-01,2.305177184649785105e-01,4.365604205881852273e-01,1.066108245644140085e-01,5.545418161297838155e-01
2.771427614270238204e-01,1.421325114999246741e-01,5.218613354876033839e-01,3.588076325799874344e-01,2.552970372792305875e-01,3.858340484335108234e-01,3.765817848568935311e-01,5.530779985162069812e-01,3.999600004464691216e-01,5.511106774946319398e-01,3.417783547445492065e-01,0.000000000000000000e+00,2.562723637686144529e-01,2.972787702845182678e-01,2.057487565118608086e-01,4.262487719200951375e-01,3.370186152267584667e-01,4.145814315538938755e-01,9.663964020731356797e-02,1.103684226257515416e-01,1.552630885600201349e-01,3.160930317869562467e-01,1.868850553305828888e-01,1.056983272959118314e-01,1.207928119534371625e-01,3.345193822702158259e-01,2.084580807362410582e-01,1.023483528912502855e-01,4.748428752685365795e-01,5.153305100379357989e-02,2.926959009533456335e-01,1.121997257645259843e-01,2.623259885954983828e-01,2.022601981721091902e-01,2.749067622090183849e-01,1.789829310515227700e-01,4.599592985588570326e-01,1.969579949398291008e-01,9.151359696581733150e-02,6.918771887921068564e-02,3.499860274104801827e-01,1.880381626041475462e-01,3.081778525731256879e-01,4.070776909798081711e-01,3.501282070558049964e-01,4.244871606202135772e-01,3.279336851889767535e-01,4.383702436088479093e-01,1.905868692290339506e-01,5.060414825342691714e-01,3.733305589535255709e-01,1.316306376223825292e-01,1.717536525222345956e-01,2.577352655886477883e-01,1.932243890994601865e-01,2.519039988357159587e-01,3.940213162650451073e-01,3.398459234489630276e-01,2.396547882195023127e-01,1.900067827999663839e-01,1.833428644003028962e-01,4.323060281439564112e-01,3.850627211809649619e-01,4.233483855423764708e-01,4.334757579486324675e-01,3.438116842485981484e-01,2.412423204684472355e-01,2.262251143508763052e-01,2.415007170795969160e-01,3.707413424402075663e-01,3.013555424041162167e-01,3.130393289633593423e-01,4.000066211344774914e-01,5.236033518393835573e-01,2.319373214671633932e-01,2.813911808176845497e-01,6.127099097751662615e-01,8.626764046200136038e-02,1.513968562666245521e-01,3.169827705013628094e-01,2.930450469182198647e-01,4.055268570027166231e-01,4.055435349230587794e-01,2.002146051633711954e-01,1.751495302201052928e-01,5.106002733420464956e-01,1.397072097068412511e-01,2.827016615240325326e-01,2.171455279786437265e-01,2.830674043510569837e-01,3.573799254455939933e-01,1.736573333971792865e-01,3.461492559663331692e-01,1.833772609748809124e-01,4.424256727260457156e-01,6.900680422083307897e-02,3.520620391603029309e-01,1.310403562466125882e-01,2.557939625364094027e-01,2.200342725164038393e-01
3.489819525062000105e-01,1.456315483058840676e-01,2.815245959325046177e-01,1.869989909356395141e-01,1.583114819489540859e-01,3.439682757316547823e-01,3.265406700684346242e-01,2.118398965739223816e-01,2.499537812473030807e-01,3.348596896218430374e-01,1.072133641352353006e-01,2.562723637686144529e-01,0.000000000000000000e+00,2.639522899186592109e-01,9.556133889510769197e-02,2.226582532955557470e-01,1.625694398464584134e-01,1.680041243501247950e-01,2.601598478636448220e-01,3.125944602378813997e-01,3.011556164051376605e-01,3.019243120068655917e-01,3.931788243380096581e-01,3.621269749544607230e-01,1.453400613351752413e-01,2.942532674250774583e-01,4.026852439666083194e-01,3.204852088522168185e-01,3.623155623774643730e-01,2.862123374983057689e-01,2.068517753005374438e-01,1.359927056203530105e-01,2.864455058861655745e-01,1.708048564336304698e-01,3.101434937397808955e-01,1.683386404613050613e-01,2.346827935513886576e-01,2.108441847567725236e-01,2.685791366506299349e-01,3.222575185405298637e-01,2.406667789773125343e-01,2.630340833202933770e-01,3.513321495448077925e-01,3.168734596170381113e-01,2.660115110997416932e-01,2.726850743647011854e-01,1.735407872538516916e-01,1.360549312247101850e-01,9.460572897191033004e-02,1.937562471529966912e-01,2.881035713732357229e-01,3.636329908255572785e-01,2.298790279984812834e-01,2.864775413095705381e-01,1.675832339289601014e-01,8.270615081355807419e-02,1.696729603283785581e-01,1.209550709404662999e-01,2.316238520166766235e-01,2.881499666143705340e-01,2.360941466217401918e-01,2.688192531061233681e-01,3.310526799931124975e-01,1.839587867975138180e-01,2.404847431809980507e-01,1.821212476341953490e-01,2.509556734049835924e-01,2.966509447856557347e-01,1.740752625518411645e-01,1.478517085937521569e-01,3.062525894785795844e-01,4.021805257125342092e-01,2.199326847713727051e-01,2.000469254503335348e-01,3.879968715827794568e-01,4.760426124198912645e-01,2.999149217923869903e-01,2.852938129237638787e-01,2.986589982732958393e-01,1.859733844797727964e-01,1.991746371911621849e-01,2.000949453001882039e-01,1.286761689614701609e-01,1.988878418957494842e-01,1.091782883932684023e-01,2.264649163139247356e-01,1.285697489885008482e-01,9.542318950114490883e-02,1.435020331319849241e-01,2.669027940068761651e-01,2.144828760873261353e-01,2.959991746581515093e-01,1.214241954940505075e-01,2.459703543718076979e-01,1.690192100251640406e-01,2.432285627899639924e-01,1.954234559975099872e-01,3.130671739223525596e-01,8.548112586163296575e-04,4.991954156199892023e-01
1.327746486665969394e-01,1.563579917719281898e-01,2.963519557299206797e-01,3.992412587299977722e-01,8.904038293553910577e-02,1.356182622787860392e-01,5.437558974113632093e-01,4.271975959055110406e-01,1.092185479882636645e-01,2.220867302754511163e-01,3.982940612116363521e-01,2.972787702845182678e-01,2.639522899186592109e-01,0.000000000000000000e+00,3.058207969834048634e-01,2.089386734505237486e-01,1.320777327711365745e-01,2.004833452056721810e-01,3.336818874048551598e-01,2.936497274051919071e-01,2.937265006848117643e-01,2.314461614145983392e-01,3.476608904740739470e-01,3.905925794557808528e-01,1.741274518768753388e-01,5.647068091688375313e-01,2.255448365865397320e-01,4.182139461678101022e-01,1.187643304710758047e-01,3.379956956225938502e-01,4.072129618305074805e-01,2.540805849307443132e-01,2.228986264355896918e-01,3.958067048766148455e-01,3.211852753938559402e-01,3.832855080967937922e-01,2.108138637393725534e-01,3.442332493698083695e-01,3.299140529680587020e-01,2.864230192451375778e-01,2.243465704706553432e-01,1.586805279903235333e-01,4.287990175692760197e-01,1.866727795234743581e-01,2.127244721239568703e-01,1.920145884717494866e-01,4.635509227871623117e-01,3.010410743737800821e-01,2.371304243330330519e-01,3.135959237004009026e-01,7.840674139682214661e-02,3.844134461840414407e-01,2.391942520839010489e-01,2.283294486745274521e-01,2.828521056548746193e-01,3.666305697521360374e-01,2.206891794010832630e-01,1.760832829995786497e-01,4.630820683075160399e-02,1.879559897927766676e-01,9.075312957919122459e-02,1.852253753714744322e-01,4.826397650602826106e-01,1.913309928059103993e-01,3.387346352524480686e-01,3.928972740301613364e-01,2.280616956918875837e-01,3.469014662713679198e-01,4.227399041750589670e-01,1.743036337149388992e-01,4.919801508875949470e-01,1.656921012027672835e-01,1.270544222240271859e-01,4.054888135139383953e-01,3.502481362742332349e-01,2.788065944379344852e-01,3.976120413075778237e-01,4.132182969787384086e-01,1.883764925742545948e-01,5.085865514701409795e-01,2.921181645702888852e-01,5.057686568128731963e-01,4.359391455400923876e-01,4.475294281868610891e-01,3.393661907774651043e-01,2.993403625635744358e-01,3.111098993102427990e-01,3.486869794728116867e-01,2.507347729938587122e-01,5.915336652697460867e-02,3.743406759289776287e-01,3.296559187681853409e-01,4.375533877177248399e-01,4.048698851702141610e-01,4.218554257667556096e-01,2.799176822546851073e-01,2.183090015617307200e-01,1.879267846845986134e-01,2.647980111264666148e-01,4.749526312355304980e-01
3.952756650953739848e-01,1.363230822795806207e-01,4.181673137203540391e-01,1.270367306402944152e-01,1.960808378293351639e-01,3.476104049293533560e-01,3.914516087745131823e-01,2.817833258533819496e-01,3.075954864606285089e-01,4.548168040280485269e-01,1.090213329231999595e-01,2.057487565118608086e-01,9.556133889510769197e-02,3.058207969834048634e-01,0.000000000000000000e+00,2.563612299382106441e-01,2.511375712474523958e-01,2.633696936659122856e-01,2.503455129358526654e-01,2.308873651901771906e-01,3.214562030368859347e-01,2.492271893772641522e-01,2.937119164022802820e-01,2.674440909533186694e-01,1.351421491231772354e-01,3.243320186874683597e-01,4.078592807388881636e-01,2.241828743456897588e-01,4.350836919279216786e-01,2.488154862085795727e-01,2.739271797414122855e-01,8.208517193358949582e-02,2.262269569755995802e-01,1.843509303487682882e-01,2.165811724632178692e-01,1.706558974756466063e-01,3.521336541365350792e-01,2.509351140234297173e-01,1.776785462618897249e-01,2.627875008752258990e-01,2.148785418032473360e-01,2.236777384967294224e-01,4.157405230929338558e-01,3.116448023957264502e-01,2.381301310614442057e-01,3.880342628977716535e-01,2.235333620283692924e-01,2.296019909220631816e-01,5.066166914622283884e-02,2.824157970770093673e-01,3.249188558371260416e-01,2.612501196590327202e-01,1.556924054970929006e-01,3.555741136268967262e-01,7.979375924321517599e-02,9.560545809681000873e-02,2.854818399115934269e-01,2.127245722335536771e-01,2.694575034017396842e-01,3.245289994383236953e-01,2.525045973724343029e-01,2.939805380490967401e-01,4.172653946760812582e-01,2.790810418996883535e-01,2.146068312037575088e-01,1.173175904052954077e-01,3.198676132869856525e-01,3.446432384374019664e-01,8.028084383281698655e-02,2.240728169346139775e-01,3.531540341953666173e-01,4.513491621674665666e-01,2.916821001623532972e-01,3.173061464854527447e-01,4.217905131147123288e-01,4.997691074004278478e-01,4.427172645106669524e-01,2.102767311938258665e-01,3.105559830629110452e-01,1.451142939327583758e-01,1.335764899427362151e-01,1.582796248356159730e-01,1.709378294371977358e-01,1.185469191833200819e-01,9.361277653777742846e-02,3.538467530381079196e-01,1.236287885321353114e-01,1.682468779758036492e-01,7.930575521397910388e-02,3.232569692280338747e-01,3.156762013417280244e-01,3.222437914038851492e-01,1.607181300095016641e-01,2.595474455497623900e-01,2.748460882455733834e-01,2.307416887121037652e-01,1.904719047727212733e-01,2.874140636834854878e-01,9.483746039451212972e-02,3.807687599511087595e-01
3.820478750346454899e-01,2.317553419432936135e-01,3.272940471948872498e-01,2.345571765801467146e-01,1.454578450069872742e-01,1.710103570577967691e-01,6.471356707229586336e-01,2.230618542616493172e-01,1.053732975221065016e-01,2.555314110771109704e-01,2.723092360940635448e-01,4.262487719200951375e-01,2.226582532955557470e-01,2.089386734505237486e-01,2.563612299382106441e-01,0.000000000000000000e+00,1.687300734041097539e-01,1.343104062684885580e-01,4.887113993397060319e-01,3.940135376196434724e-01,4.998937687718157385e-01,1.910843686429023747e-01,4.344365564716887729e-01,5.030878256260150616e-01,2.594843600979794829e-01,6.264406453477803227e-01,4.844599583283124011e-01,5.004167821829007545e-01,2.145203176446925375e-01,4.921777294146811865e-01,4.821776005869747306e-01,2.903804070024225692e-01,2.193890589544946201e-01,4.485827694536959065e-01,2.778080948635681113e-01,4.389552028699988950e-01,2.265883613543911990e-01,4.660917191287640149e-01,3.966273233646014362e-01,4.409859814866768368e-01,1.064899527346429564e-01,2.494214163850726473e-01,6.193320690901702452e-01,1.196972551317878608e-01,1.218649848853128881e-01,3.023069938534237999e-01,4.566037327335814022e-01,1.738912957571039919e-01,2.097554549929237788e-01,1.512454365207147600e-01,1.440260448054399012e-01,4.759178151737106788e-01,2.591074505400967620e-01,4.342996294757426878e-01,2.438151901104134711e-01,3.255203234605050233e-01,2.342477725888960916e-01,1.515170745235649707e-01,2.348873885853338117e-01,4.086821393802987923e-01,2.735432851848694225e-01,4.923325601208122099e-02,6.164192704886061192e-01,1.336515415403810858e-01,1.322320659518249619e-01,2.374212976222343507e-01,4.118120472557665890e-01,5.340659407199427333e-01,3.512771280168573984e-01,9.921619773044962343e-02,6.168662281182893947e-01,4.306919271066170229e-01,1.064421837225707212e-01,3.065342309307375612e-01,5.971078241328394709e-01,5.713435279379985854e-01,3.526772872051384122e-01,5.048081580469792051e-01,4.074265897785494528e-01,4.233337341597399051e-01,1.807075009949412336e-01,3.372255894155484768e-01,3.015063220169791891e-01,4.269190399902123567e-01,3.507767567429236899e-01,2.564628057599718791e-01,3.644897094011237404e-01,3.444452377126432374e-01,1.960135283015587704e-01,2.681735597234852220e-01,4.472192825535784566e-01,5.229303766337317638e-01,3.592539674984064346e-01,5.254786302758158723e-01,3.680532432609429083e-01,4.365288651783616469e-01,7.131204350480428722e-02,3.762606001008288459e-01,2.234582061819894161e-01,5.912869866830777754e-01
