0.000000000000000000e+00,1.002109622756583579e-01,2.161139235688492310e-01,4.438269940609715358e-01,9.088425020763732376e-02,1.529294024205819780e-01,3.658324332761470621e-01,4.914866626756732026e-01,1.355715106477584087e-01,1.799917744291776311e-01,4.013787462881213131e-01,1.516927746410052791e-01,2.206974270042395547e-01,4.223201869494140615e-02,2.686499286683979304e-01,2.547083318786534378e-01,1.087375309249407895e-01,1.967471422112228030e-01,1.491086523691023957e-01,1.886119851064975428e-01,8.494894413877521200e-02,2.439475834068167981e-01,2.574900906052352001e-01,2.578990794210372361e-01,1.002933420429916872e-01,4.207131880990862549e-01,3.092225958512531681e-02,2.961468186228035093e-01,1.095645258364547070e-01,1.606977701451054452e-01,2.557204510810541787e-01,1.768605496128577426e-01,2.134650689660426981e-01,2.653169578675548812e-01,3.194032173620038328e-01,2.535896019064184381e-01,1.661885836011821882e-01,1.715296629705398146e-01,2.311496635384937548e-01,1.388158045446068467e-01,2.603936298287295448e-01,1.142591061795227292e-01,1.950196547304907935e-01,2.242584985919028606e-01,2.451810133978463146e-01,9.897922016607459128e-02,3.705677130940405739e-01,3.071813602733488024e-01,2.022490025200362196e-01,3.453527337577140255e-01,1.075682096726549020e-01,2.730299113669819033e-01,1.973495939349114159e-01,4.494690517180386508e-02,2.557183183724078823e-01,3.079674474954179342e-01,1.638499777694016613e-01,1.560542368602897689e-01,2.945589651309272680e-02,2.205846537188494230e-02,2.972331288327736271e-02,2.315291132928017914e-01,2.838476489647214218e-01,1.886558091156536332e-01,4.112432384828009213e-01,4.309150723109383962e-01,5.686366611228762385e-02,1.303788891923742532e-01,3.980175821833204508e-01,1.807942074554048095e-01,2.991572359532622682e-01,3.223955453236664916e-03,1.430292568332528491e-01,3.909394101632948648e-01,9.941499181827982701e-02,3.951678200131181901e-02,3.570382242668922457e-01,2.738481485617521027e-01,2.834857374665994065e-02,4.876032095064296024e-01,3.121527344252632008e-01,5.551807671002758626e-01,4.433749002959266328e-01,3.822817341792690837e-01,2.495855222130025086e-01,2.630565898940273040e-01,1.976328837220395207e-01,2.622789653197767912e-01,2.359812988255998167e-01,1.724648168148552527e-02,2.301498199031641323e-01,1.160322574410863755e-01,4.012345165285725046e-01,2.251611315351230713e-01,3.675470679036511590e-01,1.120808158119162984e-01,2.544005057923828805e-01,6.047884388186842985e-02,2.213924398798055582e-01,3.588429015562339397e-01
1.002109622756583579e-01,0.000000000000000000e+00,2.310154027969921753e-01,1.304032557751577948e-01,2.239361050322387012e-02,1.089234197336886312e-01,2.834525842224704939e-01,2.431107830458671404e-01,9.637399508469968179e-02,2.266508818980690065e-01,1.246091737677894606e-01,4.774741143302099755e-02,4.987734658340365473e-02,5.662820676208309839e-02,4.429197676675710599e-02,1.123595153673034724e-01,6.812422815545962629e-02,1.112612943420118322e-01,8.222736922222809164e-02,5.909822192678506475e-02,9.882688988748208891e-02,8.410984876784452502e-02,1.097401957921938925e-01,1.072450124916242697e-01,1.419211079413638292e-03,2.570535664589307379e-01,1.138056736376455297e-01,1.065077930545115098e-01,1.656310453053057574e-01,7.790472586193379623e-02,1.600869548375438711e-01,1.550540533987551997e-02,6.175877352262162251e-02,1.079336915012404641e-01,9.581195610251280748e-02,9.451633881704976647e-02,1.579409280645346081e-01,1.047031659027851114e-01,5.705837584604223078e-02,6.218547428021808932e-02,8.221827390763740417e-02,2.779987497866801688e-02,2.221662704912163167e-01,1.156778262475477437e-01,8.478189841742733712e-02,1.550458485907783568e-01,1.779299418681348777e-01,1.424091115303128541e-01,1.932889682236734255e-02,1.827959876958646090e-01,8.843029727402888784e-02,1.058631680282624693e-01,3.115398780146792779e-02,1.100105468610686199e-01,3.744605193115659730e-02,8.780768038447248069e-02,1.198545360655343395e-01,6.901621244340801209e-02,3.409158076667024445e-02,7.104297582472331174e-02,2.283521688364323690e-02,1.181516426872970676e-01,2.679616672245689335e-01,1.159002463462578403e-01,1.467242129343545309e-01,1.219116208170149401e-01,9.398958427154695261e-02,1.423114080469832510e-01,1.040921875187121315e-01,7.925434880160162066e-02,2.254558209508121802e-01,1.381587127797477554e-01,9.564716773022308161e-02,2.386316756583623244e-01,1.717799266826779137e-01,1.841798232743236396e-01,3.092827954700537174e-01,1.000125505185969071e-01,5.849064014970899866e-02,1.730759859929045519e-01,7.153748479702146112e-02,1.976288725265810675e-01,1.719580339788124856e-01,1.126238608311284917e-01,6.023483818883192120e-02,2.046795645569955691e-01,4.852597631295122588e-02,1.035559535751181537e-01,3.141836631766705551e-02,6.356916565208722836e-02,1.774074024807440197e-01,1.164638603991514781e-01,1.543838813444858848e-01,1.289170162266364550e-01,2.076818787769203478e-01,5.301478773808886158e-02,7.546120071355429115e-02,4.579688159822765253e-02,4.994421026210811576e-02,1.990687554734061893e-01
2.161139235688492310e-01,2.310154027969921753e-01,0.000000000000000000e+00,3.966466245237041388e-01,1.486424825755294221e-01,3.167482013058643964e-01,2.845556790921666690e-01,1.862010259682111701e-01,1.371484839860859506e-01,3.846501253773267071e-02,2.697773029179317272e-01,4.097511703519495230e-01,1.556815249906595144e-01,1.694066822323672394e-01,2.931885315831360139e-01,1.991055815142480367e-01,5.898346236796087744e-02,5.913961070303262041e-02,3.455929416427544476e-01,5.183698621112369231e-01,2.924481001400334179e-01,4.321826944323730602e-01,6.527729541162139437e-01,6.256300182170774216e-01,2.360447941825983276e-01,3.600489830559965854e-01,3.757328953267913829e-01,5.954542703457762487e-01,1.520059892283915914e-01,4.214544051078760178e-01,1.863381333493049630e-01,3.011203542964953628e-01,4.316467037842145471e-01,2.752995096887306814e-01,5.460514546302684957e-01,2.886602345142931791e-01,1.555537878573816715e-02,2.228719883753771114e-01,5.014082573315394864e-01,4.806555790313709609e-01,3.299648256459933315e-01,3.574969731404497586e-01,2.566461857780016897e-01,3.297069115255009675e-01,3.490559600476347279e-01,2.374201435379452024e-02,2.336629164966440297e-01,9.334926086111279553e-02,2.555998956518518717e-01,1.053585021316447712e-01,1.970014084486505501e-01,6.410254108787993843e-01,4.081137615430741050e-01,1.515422633773577665e-01,3.717781226711058262e-01,2.413845338010902342e-01,2.086042167686862070e-02,6.653604691398727622e-02,1.668314685349077120e-01,2.195124569098390599e-01,2.184321416546373407e-01,2.325665323972167797e-01,2.100360386346841191e-01,5.745740236995050543e-02,3.631108971528599905e-01,3.963157033858252798e-01,1.389609312436905775e-01,2.418973919601818401e-01,4.303564804159262236e-01,9.199358215057099053e-02,2.995913170464782338e-01,2.469911227156916800e-01,9.980358615694029378e-02,7.246868239154223568e-02,3.300039130455929559e-01,3.947448155084176680e-01,2.081928470916584104e-02,5.185031171528832195e-01,2.814719129513347795e-01,4.092174804212647121e-01,3.809040306958875743e-01,4.196195667629917803e-01,2.300779514452742647e-01,4.523268226673822223e-01,2.711419421254396278e-01,1.537676434341746050e-02,2.585851850818966513e-01,1.542121193995409367e-01,3.158345153343024569e-01,1.409021674467922647e-01,1.007676635647918040e-01,2.869912504384631302e-01,2.351304105588793159e-01,3.129255088608901558e-01,1.048344295819072514e-01,3.235534803860775632e-01,2.628823430293295016e-01,3.744317192784805681e-01,1.566971703901264834e-01,8.494554033634466039e-01
4.438269940609715358e-01,1.304032557751577948e-01,3.966466245237041388e-01,0.000000000000000000e+00,1.499268269168235190e-01,2.465215543039419310e-01,4.653472988086955753e-01,1.144026433060327252e-01,2.165797194699464745e-01,4.091469397715682410e-01,3.462208025915141513e-02,2.306722467533888765e-01,7.763408748878611321e-02,2.728643550089985270e-01,3.898415475502690908e-02,1.146756852827320178e-01,2.035720049990695779e-01,1.754581841168617040e-01,3.068436428279506800e-01,2.087674459320601195e-01,4.007330149244638928e-01,1.249822924173327326e-01,2.451528287059127342e-01,2.630429631015459013e-01,1.406177249914537519e-01,3.630109142217974316e-01,4.831298024289991666e-01,2.183501198216696582e-01,3.812819970148394466e-01,2.952902650945063434e-01,3.074152040935176355e-01,9.812855267339659626e-02,1.270653632654043519e-01,2.072445258915908139e-01,9.786347053778485239e-02,1.952037791514895371e-01,3.011126991562341204e-01,3.017802730819960644e-01,1.604351328767690821e-01,2.789524735870160810e-01,7.933088282416975168e-02,1.767335095789386579e-01,5.301414703333418021e-01,1.741208059927943919e-01,1.035700291224663505e-01,3.886820589325123976e-01,2.114650563999874999e-01,1.221266976056461506e-01,5.192876439253552717e-02,1.447210360000943385e-01,2.446278877911658156e-01,2.363555269130666603e-01,1.023650886000852661e-01,4.254518667315677627e-01,4.442653074196196289e-02,8.546952483052770722e-02,2.435281976824012207e-01,1.526239587240439399e-01,2.556938580747221135e-01,3.822516502393925597e-01,2.520065223272451305e-01,1.533236988866981398e-01,5.074180126923254486e-01,1.912598913182099458e-01,3.471610932130250737e-02,2.941936053375263007e-04,3.778326203090176527e-01,4.330067543402934538e-01,4.220690627291303482e-02,1.365087786496517186e-01,4.293911763210194188e-01,5.219945371497033415e-01,2.046190181617336956e-01,2.261463692414691362e-01,5.449887478285000419e-01,6.235366329701191868e-01,3.876703074461368415e-01,2.261311422241266966e-01,3.598671225144611241e-01,8.425610300824383503e-02,2.637828730832532734e-02,2.604116251886827091e-02,7.370382429989154327e-02,9.999682725133915429e-02,1.117833242931179222e-01,2.846249850203194653e-01,1.502743075321212318e-01,1.577160208121133611e-01,3.823489765761375891e-02,3.238106210174968025e-01,3.428039014104593551e-01,4.052366773524286869e-01,1.075273304551097875e-01,3.147732037937748251e-01,2.220985091583039805e-01,2.770516196592829328e-01,6.410152220384092436e-02,3.027469083048641707e-01,7.730942546325732245e-02,3.601736449793057626e-01
9.088425020763732376e-02,2.239361050322387012e-02,1.486424825755294221e-01,1.499268269168235190e-01,0.000000000000000000e+00,5.953518153304488553e-02,3.511518227108459955e-01,1.844747560082418414e-01,2.657621125486548178e-02,1.165114687980470382e-01,1.443412269175461948e-01,1.322927087563588733e-01,5.789275361464378544e-02,2.026756015591447621e-02,8.431477289555192045e-02,4.977075773988958590e-02,2.064065025556699809e-02,4.590936982643080422e-02,1.669343320502109373e-01,1.369292224569142180e-01,1.615150218372847779e-01,8.135504059996066795e-02,1.934038369993310302e-01,2.203965682030935291e-01,3.217264365791230180e-02,3.477436457128601499e-01,1.537926962922404051e-01,2.251177203186634501e-01,7.373401870473313136e-02,1.735831463546784192e-01,2.048084985064594077e-01,6.725004893416094975e-02,7.532699124077046893e-02,1.788647221871440818e-01,1.347749639057062576e-01,1.683721907885646629e-01,7.855348754020644031e-02,1.628797683992553313e-01,1.450371097536901632e-01,1.449759282563475027e-01,5.833762760887372528e-02,4.804971488035009869e-02,2.797369580786439602e-01,6.541594198821355788e-02,6.021831182457079712e-02,8.959969149540170097e-02,2.265446742359034094e-01,9.128201009833109003e-02,4.497433955354201290e-02,1.085479115811137929e-01,2.944163757835914150e-02,2.121179282336539684e-01,7.239923927724767339e-02,1.212794886672155376e-01,7.957370047835486682e-02,1.294000099123359115e-01,6.715562037280209395e-02,2.682999445200545674e-02,1.736881816021955405e-02,9.593250424097242435e-02,2.906697912468687167e-02,5.148294005280296820e-02,3.103818547626001068e-01,4.566296491153847004e-02,1.194890945815062777e-01,1.451253645723964980e-01,1.079936628615638383e-01,1.985551119345379256e-01,1.742191182082855061e-01,2.608393104276152119e-02,3.036310040209694305e-01,1.266775550064659639e-01,2.592653417375657618e-02,1.837886753115321459e-01,2.360815900516453902e-01,2.201961536949474940e-01,2.163992203058705266e-01,2.157589327601395213e-01,9.574648848913343280e-02,2.449040160868561078e-01,8.512444087544901450e-02,2.339856340563720716e-01,1.778806596313079746e-01,2.055807132225661582e-01,1.187950083308865756e-01,1.247351449143108137e-01,1.085331706929275469e-01,1.278190234630882105e-01,5.566847412333628814e-02,3.482502728779926504e-02,1.859740632452081821e-01,1.840023939633215477e-01,1.848493896040537265e-01,2.134872930294933469e-01,1.930047231379765360e-01,1.254143895916221829e-01,4.522456608202168188e-02,9.056758900000008716e-02,5.836242014114436522e-02,3.260229945667066365e-01
1.529294024205819780e-01,1.089234197336886312e-01,3.167482013058643964e-01,2.465215543039419310e-01,5.953518153304488553e-02,0.000000000000000000e+00,6.916171470547098910e-01,3.307775500472556196e-01,4.048924942821664763e-02,1.897686844221472546e-01,3.194870819539865625e-01,2.586802087730086797e-01,2.156528658310386259e-01,4.387972354434684780e-02,2.193143473157576351e-01,6.636684014566296419e-02,1.170504087598790155e-01,1.434164115053820909e-01,3.559173915215224082e-01,1.856415654281709515e-01,3.375517825419097062e-01,4.389662546664179626e-02,1.990297946488487901e-01,3.061859799499860313e-01,1.335618794228871919e-01,6.807009254407070387e-01,2.206178485094031361e-01,3.506140955227149969e-01,6.095790345367854690e-02,3.324017138748995848e-01,4.816064774504015822e-01,1.890980527449329929e-01,5.543968975017771889e-02,4.236239249611113977e-01,1.258020211896050122e-01,4.008015790722710414e-01,1.950787303723181543e-01,3.979289997156813530e-01,2.342239564648312955e-01,2.227098980584090449e-01,5.033335018113855447e-02,5.801991541267200597e-02,5.543318089287810890e-01,1.205962005484472778e-02,3.573951844095683145e-02,2.154369774743655763e-01,5.094399118377157532e-01,2.318852913545158823e-01,1.505410756226562563e-01,2.198540272866638390e-01,1.465834176052015735e-02,2.747119084082572660e-01,1.087676929588896890e-01,2.858603077549990990e-01,1.577714936445384075e-01,3.339391121263516338e-01,2.163864051995174620e-01,1.386483494149629292e-01,7.028812951894221339e-02,2.171618989977613934e-01,8.847104160713860355e-02,3.444838239070582842e-02,6.262168304523866302e-01,1.348561137565260082e-01,1.430160160878195252e-01,2.429264982047394106e-01,2.812909067217704284e-01,4.274824253109462679e-01,3.317321480060919647e-01,1.067846899046764608e-01,6.131976490790466139e-01,1.824842107928099366e-01,6.732284976432112433e-02,3.965022854190006774e-01,4.291986565000231457e-01,3.029038645963754717e-01,4.147254439233414303e-01,3.817221686513851964e-01,1.943081391234317279e-01,4.733370576201950675e-01,1.248909016265682820e-01,4.057132060278829111e-01,3.840500681634435032e-01,3.972015396561835443e-01,3.129421156686550964e-01,2.826929390564062450e-01,2.986127879028008247e-01,3.563519943768518883e-01,1.285836646453212273e-01,9.332361749041288845e-02,4.505457653184525291e-01,3.891016339668468271e-01,4.222256943274839691e-01,4.636191946974244638e-01,4.474673522022840633e-01,2.818629144174070178e-01,6.636573501069059633e-02,1.393004655069295661e-01,2.164264819769906867e-01,3.498853538242424066e-01
3.658324332761470621e-01,2.834525842224704939e-01,2.845556790921666690e-01,4.653472988086955753e-01,3.511518227108459955e-01,6.916171470547098910e-01,0.000000000000000000e+00,4.385553011280412528e-01,5.124702003201301315e-01,4.776979013633984583e-01,2.722363054127222570e-01,2.490011601654718021e-01,1.983665425514672398e-01,4.352817825536066110e-01,2.646009424148860201e-01,5.589313569998423104e-01,3.031763017192768972e-01,3.580042380529185331e-01,1.314823433274815989e-01,4.413358892083184548e-01,1.469862301795190618e-01,6.618115416864170930e-01,5.945617092579039697e-01,4.173138830247806741e-01,2.520644796246934716e-01,2.042106117599744655e-02,3.788670938958889067e-01,3.423159563457829346e-01,6.061303920995164685e-01,2.006355354976037397e-01,2.087015175646984161e-02,2.441118607948762620e-01,5.989173492248894837e-01,6.353798682567896039e-02,6.357752282028252822e-01,7.835320019595944097e-02,3.344188793807780780e-01,4.937296505061423285e-02,3.656573339265922762e-01,3.619447230779282987e-01,5.990933272150078537e-01,4.764665674843982512e-01,4.622981326472044156e-02,7.070078857228008218e-01,6.320410710147223998e-01,2.896175922462748686e-01,5.919189875494043629e-02,3.220826494645553928e-01,2.894786715793746246e-01,4.249229742505230556e-01,5.622245965699704806e-01,4.726617974174132653e-01,4.505772923902701121e-01,1.616291986215838139e-01,3.820658910101231154e-01,1.522208432882579399e-01,2.382492036392006574e-01,2.863878936671752085e-01,3.526061074209510537e-01,2.257233844066987016e-01,3.328227045758994085e-01,6.290713899653995744e-01,1.407397082192999270e-02,3.762978206593149411e-01,6.232469899308595851e-01,4.529405086581452244e-01,1.361676837055515732e-01,7.305874717413615715e-02,3.010051913565146009e-01,3.699304764598286277e-01,8.524477110762115548e-03,4.054022800753599443e-01,4.535070242108431571e-01,2.533892038610695563e-01,1.617811185576694399e-01,3.921432552311220898e-01,3.165655504653799857e-01,2.401481210747697381e-01,2.711167165603619034e-01,2.196543422109069055e-01,5.070038198703329391e-01,3.822910162220330976e-01,2.476368437598306382e-01,2.271633006645306374e-01,1.384301479892906528e-01,3.064412518162176746e-01,1.218947617382926951e-01,9.186618655013240042e-02,3.815498783839477714e-01,3.542096356316998818e-01,4.749609308349498488e-02,1.050966851672348878e-01,1.541735695143848783e-01,5.244977877283286960e-02,1.355630121723275239e-01,1.708592902021320303e-01,5.272991374325601832e-01,3.853711266445919437e-01,1.980091394142967365e-01,6.510838634099704869e-01
4.914866626756732026e-01,2.431107830458671404e-01,1.862010259682111701e-01,1.144026433060327252e-01,1.844747560082418414e-01,3.307775500472556196e-01,4.385553011280412528e-01,0.000000000000000000e+00,1.848881623251824868e-01,2.231468714538972220e-01,7.213329966199824583e-02,4.462316191901998796e-01,9.636183805482048670e-02,3.030032711682950630e-01,1.559180254457988579e-01,1.052741319191064367e-01,1.442995749156669727e-01,7.854948470626675616e-02,4.604680466847228537e-01,4.847883051687284506e-01,5.102160632126687689e-01,3.031974230214553034e-01,5.766146839168536653e-01,5.854433785734625140e-01,2.580202200394340895e-01,4.019494975093056421e-01,6.389872700005576611e-01,5.187352056780303311e-01,3.170664705755690815e-01,5.035332633788188739e-01,2.901091201233171324e-01,2.487287424521605061e-01,3.248158746859999280e-01,2.845208746055748472e-01,3.485596082383049521e-01,2.908862564649857818e-01,1.481274237154746320e-01,3.519463964735504158e-01,4.247606948156191220e-01,5.343177718578545621e-01,1.835272884555406714e-01,3.558978336018286392e-01,5.337259769280653376e-01,2.559183168801166808e-01,2.203371686881514802e-01,2.530090745703351685e-01,2.052259462438604520e-01,2.312310402277634874e-02,1.608269464245061786e-01,2.107741829145961740e-02,2.628142703988669004e-01,5.665088935955251426e-01,3.105490498215760509e-01,4.254923681165063143e-01,2.193473536880142793e-01,1.398030493244640515e-01,1.227915994766888425e-01,9.457981577358230696e-02,3.032295023764380870e-01,4.553793288735938916e-01,3.461626914235469976e-01,1.641300638702493653e-01,4.413661513917614410e-01,9.013638389725771305e-02,1.086756179664667005e-01,1.215158893102650378e-01,3.781169136964692701e-01,4.780670322671550787e-01,2.115469583718655733e-01,8.432243002925622621e-02,4.547534952072566639e-01,5.678131833731546729e-01,1.477779055938487629e-01,4.949687667435102856e-02,6.370988274044371291e-01,7.502796413041390444e-01,1.301133682551584569e-01,4.804556633923289244e-01,4.839113497193680558e-01,1.920447258044723493e-01,1.751091045072152297e-01,1.110062772812383525e-01,5.025573740905163456e-02,2.865707822126030702e-01,2.116821938897429922e-01,9.534225754564204514e-02,2.539471337721894706e-01,1.451439485788524886e-01,1.766732418413522743e-01,3.354802551868151794e-01,2.519182069531594181e-01,4.992841150719825039e-01,1.078985002160235268e-01,4.126709152251858970e-01,9.721501314365736668e-02,4.330364726839425749e-01,1.264427571545275741e-01,4.946139900814736090e-01,9.671070120129680869e-02,7.730696822065652452e-01
1.355715106477584087e-01,9.637399508469968179e-02,1.371484839860859506e-01,2.165797194699464745e-01,2.657621125486548178e-02,4.048924942821664763e-02,5.124702003201301315e-01,1.848881623251824868e-01,0.000000000000000000e+00,6.290615995925025183e-02,2.254123982187151431e-01,2.736298741087514474e-01,1.276764854477671074e-01,2.958122330346727585e-02,1.800391807369389752e-01,2.769335511027788688e-02,2.965813112679302477e-02,3.632658794838074245e-02,3.199853134631213125e-01,2.579536202805839951e-01,2.932113873091650724e-01,1.082482738853588061e-01,3.123911079532886714e-01,3.815607045227952243e-01,1.168562900276780003e-01,5.279286802726532724e-01,2.470124046372940418e-01,3.971325328206525840e-01,2.384640511637712429e-02,3.318540496640564608e-01,3.326088940903735858e-01,1.740724726396307986e-01,1.213643670372161476e-01,3.251425851599654138e-01,2.053873307792422886e-01,3.153980814619818940e-01,6.067269611889333780e-02,2.976918767990510140e-01,2.814648396176592238e-01,2.772479929305056157e-01,6.896274740661161029e-02,1.075190158144826297e-01,4.233101626307502197e-01,4.467043599364496631e-02,6.793526245793428398e-02,8.878593741457278810e-02,3.563508126101015416e-01,1.005193435156540582e-01,1.229149311754933610e-01,9.033006881409762212e-02,9.219111203585541106e-03,3.621729801071558175e-01,1.545034064671376717e-01,2.022518546429597774e-01,1.680267676209880878e-01,2.384211717889361815e-01,7.981428413428082180e-02,4.225715777291189773e-02,5.051274458135516371e-02,1.825039975631961298e-01,8.541410684609143655e-02,2.062880891444294346e-02,4.447858208062918650e-01,3.028044300400670880e-02,1.295978962176854987e-01,2.157183912752467514e-01,1.922873310340972308e-01,3.327438627881546540e-01,3.011338685384723490e-01,2.513641018171316327e-02,4.702773346189815795e-01,1.692237534308071722e-01,3.787679166968575210e-03,2.018236278038181286e-01,3.739171473971775184e-01,3.139881437521715446e-01,1.978589598835441554e-01,3.922058741960505190e-01,1.900717974483772388e-01,3.847535607956632520e-01,1.385774540821245182e-01,3.283953861300257793e-01,2.507924299173438509e-01,3.612418250202075742e-01,2.435706074822586720e-01,1.117855711268422730e-01,2.352145313336342636e-01,2.256933432710119258e-01,1.261492489413808538e-01,5.835713627426362266e-02,2.776110474691092511e-01,3.249163090113773023e-01,2.877062166758634909e-01,3.757849961464855282e-01,2.570961312217390216e-01,2.612087196366864594e-01,5.448857329397337190e-02,1.825989817406801219e-01,1.285727511758311126e-01,4.900577594170148488e-01
1.799917744291776311e-01,2.266508818980690065e-01,3.846501253773267071e-02,4.091469397715682410e-01,1.165114687980470382e-01,1.897686844221472546e-01,4.776979013633984583e-01,2.231468714538972220e-01,6.290615995925025183e-02,0.000000000000000000e+00,3.401539193911727876e-01,4.439169924318351890e-01,2.065689958472181065e-01,1.044891037544641854e-01,3.334573288004290537e-01,1.324963875535571656e-01,5.022930503037706385e-02,5.089205688339362710e-02,4.255241031071087532e-01,4.939676749558465918e-01,3.560351024814301657e-01,3.332813116672491693e-01,5.973222171071282949e-01,6.349101166711307309e-01,2.439748473041546684e-01,5.541924836022432688e-01,3.504954465876827796e-01,6.372884190719015907e-01,5.034444034817407015e-02,4.806959685536518756e-01,3.288299270719438061e-01,3.301256478732492727e-01,3.478342433761979491e-01,3.997526887945088148e-01,4.770874128038457007e-01,4.042342979202463993e-01,1.638495004836941146e-02,3.342083504786527159e-01,5.110102191660268467e-01,4.765035901181620126e-01,2.514251453662469382e-01,2.942365434091516740e-01,3.936195553220570020e-01,2.102059685595222271e-01,2.571452105131800669e-01,3.055681418443923630e-02,3.856609502590088723e-01,1.231934472155612609e-01,2.698142394507795916e-01,1.098709741172240600e-01,1.015376218622593002e-01,6.325733139343292510e-01,3.712066568645600029e-01,1.973834644040980968e-01,3.690218205685896202e-01,3.343463441486085319e-01,5.158512360620633175e-02,7.224440644804928924e-02,1.271356706799625369e-01,2.350307544018257200e-01,1.871857044836599537e-01,1.386389952943460069e-01,3.781984063752103498e-01,4.169565729535548715e-02,3.119100349917502957e-01,4.100155399914219845e-01,1.930245986804388914e-01,3.447895480282298641e-01,4.947744870011484553e-01,7.334072792722218237e-02,4.703134076304085753e-01,2.042937479811370027e-01,4.675914383176031641e-02,1.558856062903936635e-01,4.041029916906806463e-01,3.782295839063434806e-01,8.362109682303391078e-02,5.899015517428871647e-01,2.822949411767519123e-01,5.285102269299820632e-01,3.462923067149261680e-01,4.932361904376832973e-01,3.218981711641628607e-01,5.444876921050954000e-01,3.570724467411476311e-01,4.977952638742348668e-02,3.398094018108271941e-01,2.602999532321575438e-01,3.061082509184965827e-01,1.019719883644206737e-01,2.273107663060988937e-01,3.738371705917233334e-01,3.527077573666004828e-01,4.404833962584640550e-01,2.254968233973969616e-01,3.768694572010950483e-01,2.056192665790672891e-01,3.405193433299323891e-01,2.078961659921965688e-01,8.140516067435923375e-01
4.013787462881213131e-01,1.246091737677894606e-01,2.697773029179317272e-01,3.462208025915141513e-02,1.443412269175461948e-01,3.194870819539865625e-01,2.722363054127222570e-01,7.213329966199824583e-02,2.254123982187151431e-01,3.401539193911727876e-01,0.000000000000000000e+00,2.134592714963210458e-01,2.859030319894386579e-02,2.718562947483660341e-01,2.948314364859278697e-02,1.473297226906055413e-01,1.554837929967007315e-01,1.314982975065305537e-01,2.326422498820761020e-01,2.556204618422760477e-01,3.113833753645799951e-01,2.214627524003843495e-01,3.313374766791791770e-01,2.966051092684585111e-01,1.255041010133696455e-01,2.013092393429243288e-01,4.557298168067150934e-01,2.317502813454237198e-01,3.822532658591175081e-01,2.514107343604470857e-01,1.598118511781263795e-01,8.782697226624333608e-02,2.129451773418669092e-01,1.065280143508543359e-01,1.994342561273619585e-01,1.053063960061366433e-01,2.204355582071539643e-01,1.839262497723478107e-01,1.892225731106905173e-01,2.926291039841662500e-01,1.508829346109434311e-01,2.264590967393486365e-01,3.598321675554797539e-01,2.568997653673420478e-01,1.835923337851298187e-01,2.901597173102446470e-01,8.262977638142708636e-02,6.727915455776210807e-02,5.139339189037613748e-02,1.051439779467441132e-01,2.743166721773012684e-01,2.896278725540983312e-01,1.562730551987653593e-01,3.178037848128143494e-01,7.817115529773774329e-02,2.158534374307878589e-02,1.537255505666997313e-01,1.048669700010888273e-01,2.401013923195459698e-01,3.159757469580720679e-01,2.409137465720498084e-01,2.041486292256457225e-01,3.105201986896247157e-01,1.493497742789741678e-01,1.007036370898854311e-01,3.406881274256384068e-02,2.706793573498280647e-01,3.011901393543562899e-01,4.028513953171979772e-02,1.129143806528282168e-01,2.613627383403963056e-01,4.757432172967923645e-01,1.940615935696268779e-01,1.114384639886568940e-01,4.294246574492352475e-01,5.684206156400494203e-01,2.486576942238674925e-01,2.036784150583260677e-01,3.191959454091740089e-01,3.262898340289178273e-02,8.650151351501789154e-02,1.763875080294719302e-02,9.674885297490234959e-03,7.289408501670985308e-02,5.394073046560533130e-02,1.832128362773611518e-01,8.675403192481531689e-02,5.590977068886411605e-02,6.756523361666379179e-02,2.907006103982107126e-01,1.839781950651591391e-01,2.979133566397323962e-01,2.100943998243873234e-02,1.999045114093558062e-01,8.880369296286790004e-02,2.225779872080796695e-01,1.113414272405192917e-01,3.132554300555447924e-01,2.829528341891453941e-02,4.479551505853006099e-01
1.516927746410052791e-01,4.774741143302099755e-02,4.097511703519495230e-01,2.306722467533888765e-01,1.322927087563588733e-01,2.586802087730086797e-01,2.490011601654718021e-01,4.462316191901998796e-01,2.736298741087514474e-01,4.439169924318351890e-01,2.134592714963210458e-01,0.000000000000000000e+00,1.331409554258226047e-01,1.702759590053892769e-01,9.163891892849775067e-02,3.019685909648431310e-01,2.087124778129713365e-01,2.893117275908579367e-01,2.360079950584225567e-02,3.015576345202375733e-02,5.592410610319217129e-02,1.881974505525169650e-01,7.755153698074486457e-02,2.785092628762722913e-02,3.556941681464090982e-02,2.062316733895607213e-01,9.372949638552291463e-02,2.624484692135722885e-02,3.559182658724755477e-01,7.198670357656964704e-03,1.659904285531499102e-01,3.108018424871761623e-02,1.384440099891154075e-01,8.897139098606468566e-02,1.496695649236007009e-01,7.190436558470683637e-02,3.391960277269071566e-01,8.497038143311524960e-02,2.132860887536390526e-02,1.261842431871094614e-02,2.217114042904315963e-01,7.838846515038423723e-02,1.805949839852685201e-01,2.812381448417256569e-01,2.218550855447085357e-01,3.000496951674975210e-01,1.997336429311247774e-01,3.152458339580243019e-01,8.024975676572639049e-02,3.914788674940568036e-01,2.456219457304515963e-01,4.157620871329158890e-02,6.687616646618187166e-02,1.344164707512597035e-01,8.219233153019940563e-02,1.293552645538520174e-01,2.673201621161576669e-01,2.115286193154778671e-01,1.189295006403190691e-01,7.982474860013151485e-02,7.500097697443788847e-02,3.085875296368033038e-01,2.578698218732140557e-01,2.988107184538633110e-01,3.098694047395920692e-01,2.154958121210067135e-01,1.202646037014544755e-01,1.078343318473558715e-01,1.204823739960205059e-01,2.429391518925589633e-01,1.741150696690731137e-01,1.852538104482774339e-01,2.736795466446864111e-01,4.117724625752657297e-01,1.125094742873236353e-01,1.555596150617975792e-01,5.172612406308327859e-01,1.910572812906135426e-02,5.346490056295511578e-02,1.890575915007351449e-01,1.663157846975593657e-01,2.795762255635683702e-01,2.795940857754347086e-01,8.742011663957981182e-02,6.922138629193147485e-02,3.967286113244846146e-01,4.629246149156054230e-02,1.567583357985369574e-01,1.005419424761047203e-01,1.570933834530302553e-01,2.292157173027890293e-01,6.818718525146834353e-02,2.178434598592585980e-01,7.502559548114405563e-02,3.197158943182815127e-01,1.255607402479207504e-02,2.238117797902418604e-01,4.123942605632243547e-02,1.327246719914703943e-01,1.028432776716857178e-01
2.206974270042395547e-01,4.987734658340365473e-02,1.556815249906595144e-01,7.763408748878611321e-02,5.789275361464378544e-02,2.156528658310386259e-01,1.983665425514672398e-01,9.636183805482048670e-02,1.276764854477671074e-01,2.065689958472181065e-01,2.859030319894386579e-02,1.331409554258226047e-01,0.000000000000000000e+00,1.398797426940876221e-01,2.311472725189779934e-02,1.049489701409049708e-01,6.068556801011424501e-02,6.432169603578850869e-02,1.365389376310131297e-01,1.848260785071784429e-01,1.739262163140306849e-01,1.746526650508228307e-01,2.664279105327418962e-01,2.340678278073848040e-01,4.969853303008717887e-02,1.674431340214628805e-01,2.765371121711102109e-01,1.924542385879183526e-01,2.342611315033588937e-01,1.599832481408474116e-01,9.248805382790942220e-02,4.409854798049853836e-02,1.601981351038304635e-01,6.622628060400145844e-02,1.824745960686088297e-01,6.454808769338600538e-02,1.147798942280361667e-01,9.558417823725649798e-02,1.439896221430416456e-01,1.941794741690598680e-01,1.197800143566914166e-01,1.390685599472298584e-01,2.230727285785191194e-01,1.889518571702745176e-01,1.417043010740576259e-01,1.476675744389738809e-01,6.810665241870578201e-02,4.413495424408803852e-02,2.268755087591479633e-02,8.258606038142878025e-02,1.617286897616625474e-01,2.356126530771734118e-01,1.108172391838435078e-01,1.602276655678434858e-01,6.403727048510848840e-02,1.765698724331236924e-02,6.545406617107599190e-02,3.565654924008055532e-02,1.122512034167586353e-01,1.617715796438231324e-01,1.159528668503320564e-01,1.442039185481959751e-01,2.028039925692416701e-01,7.544225198255626041e-02,1.196268786416199714e-01,7.412854021519935110e-02,1.285380519907972918e-01,1.696869667552324545e-01,6.847626124092910660e-02,5.124746741256270416e-02,1.787594188058589384e-01,2.759981377856142171e-01,1.027620468808726484e-01,8.729338288852708794e-02,2.609558791370761854e-01,3.572733203847145433e-01,1.727555739018020176e-01,1.591375828404821835e-01,1.715729184461844137e-01,7.689214070525206279e-02,8.663514616854203765e-02,8.732967008120930130e-02,3.990152730765662847e-02,8.641911190674544940e-02,2.956119031155480734e-02,1.080292593594517625e-01,3.984171919884980928e-02,2.305276280050315429e-02,4.857675226030497978e-02,1.424963001923087447e-01,9.843652765931816540e-02,1.690761462692975392e-01,3.590895327432891415e-02,1.242694989055816296e-01,6.500959406182357792e-02,1.219418571223119946e-01,8.382461187116302392e-02,1.852805921566303970e-01,2.154228449888475966e-06,3.836199473779964286e-01
4.223201869494140615e-02,5.662820676208309839e-02,1.694066822323672394e-01,2.728643550089985270e-01,2.026756015591447621e-02,4.387972354434684780e-02,4.352817825536066110e-01,3.030032711682950630e-01,2.958122330346727585e-02,1.044891037544641854e-01,2.718562947483660341e-01,1.702759590053892769e-01,1.398797426940876221e-01,0.000000000000000000e+00,1.783484865454158519e-01,9.410204090893503626e-02,4.183202228141226497e-02,8.762336764257465382e-02,2.054021658187943356e-01,1.668797098829077896e-01,1.669513490546821466e-01,1.121048898628697887e-01,2.193652163928370424e-01,2.636934384251654051e-01,6.851239160465295852e-02,4.599535193288400992e-01,1.072819993162258123e-01,2.932390253446781059e-01,3.448745216361532445e-02,2.096845426321354289e-01,2.813832147872513123e-01,1.312371744116437311e-01,1.051425862231314123e-01,2.692133758979276537e-01,1.931351951917039400e-01,2.560049987360411006e-01,9.556053139648834627e-02,2.159186913913430095e-01,2.016816283903997975e-01,1.601774077452134959e-01,1.063114236559453002e-01,5.813283758367430304e-02,3.047514017188941438e-01,7.739781993441637031e-02,9.705451988064645041e-02,8.129923256468418735e-02,3.432161465993886496e-01,1.738180449654244397e-01,1.168166159068554505e-01,1.857893608879876146e-01,1.597448876520151523e-02,2.571881532679210491e-01,1.185431069808674520e-01,1.095489000941336361e-01,1.568961276705025665e-01,2.386952315270888803e-01,1.033674719566820693e-01,6.987145932768941414e-02,5.861942497892544228e-03,7.832871685699445419e-02,2.099989145755508727e-02,7.635263920807329463e-02,3.647428818071928314e-01,8.079613194350633576e-02,2.104205015632649445e-01,2.661298920646730792e-01,1.093302377143465509e-01,2.186003545051303509e-01,2.981491729344609154e-01,6.863441320554206082e-02,3.753702637661059938e-01,6.276512336513272172e-02,3.899400865900286978e-02,2.795354861921869327e-01,2.219763005171987713e-01,1.532036401099007294e-01,2.711310044687004761e-01,2.878411316693174626e-01,7.863463939270792791e-02,3.944080755693736284e-01,1.654524724031244953e-01,3.911651052197641087e-01,3.125728052849033323e-01,3.253607931919608176e-01,2.110500623049756386e-01,1.722142384040180607e-01,1.834007478158812543e-01,2.203997790808638890e-01,1.283479312288351160e-01,9.370614538542163321e-03,2.466705834086433957e-01,2.014274196620039203e-01,3.143471307458140518e-01,2.788728953073151828e-01,2.971881554327124308e-01,1.542151124246573524e-01,1.014666963984875159e-01,7.830748561685078879e-02,1.406281939026040317e-01,3.560421876600255997e-01
2.686499286683979304e-01,4.429197676675710599e-02,2.931885315831360139e-01,3.898415475502690908e-02,8.431477289555192045e-02,2.193143473157576351e-01,2.646009424148860201e-01,1.559180254457988579e-01,1.800391807369389752e-01,3.334573288004290537e-01,2.948314364859278697e-02,9.163891892849775067e-02,2.311472725189779934e-02,1.783484865454158519e-01,0.000000000000000000e+00,1.332183283968251253e-01,1.286946724423773392e-01,1.393648809874677708e-01,1.280131294522597885e-01,1.116451812283259515e-01,1.933989081197612647e-01,1.270528262259758567e-01,1.669377393764964190e-01,1.429779700067101145e-01,4.360210511837488145e-02,1.962043307008719817e-01,2.820765956264656982e-01,1.061790632738907475e-01,3.116334150065122044e-01,1.266998833229537602e-01,1.487858303672809912e-01,1.740945973234876709e-02,1.078358292086520759e-01,7.572369048977731221e-02,1.000944224123733878e-01,6.612446395863190440e-02,2.238843283787468608e-01,1.285203534866053710e-01,7.098723179156836427e-02,1.388509705286569418e-01,9.874842277321609074e-02,1.057709743424103122e-01,2.905635556984605405e-01,1.839139465125739503e-01,1.176518795448295157e-01,2.609952642765641651e-01,1.056544329796069021e-01,1.105901250752314019e-01,6.966998607657277215e-03,1.564966131655697035e-01,1.967781859640503894e-01,1.374967693002418778e-01,5.619978694452285733e-02,2.273769010981138150e-01,1.650925441976550806e-02,2.313453099083996253e-02,1.593105855440864194e-01,9.705459836982677224e-02,1.447740170315356123e-01,1.963969018624772966e-01,1.298736830898433170e-01,1.671884628130124728e-01,2.922123234262803404e-01,1.534532935280145394e-01,9.853420250966166138e-02,3.372411068558774788e-02,1.918540625123283383e-01,2.163301712732114690e-01,1.669886939231788117e-02,1.060901049960486370e-01,2.249186825492509867e-01,3.295993686201398321e-01,1.650467765441212820e-01,1.893704847423640647e-01,2.971176532948781590e-01,3.842773555834019805e-01,3.200378264288743502e-01,9.514196623108424344e-02,1.828697397840134964e-01,4.956020687013112935e-02,4.269410593136050563e-02,5.787204656596936503e-02,6.631721963870902681e-02,3.437229539322599059e-02,2.224727193964450012e-02,2.256216019663782602e-01,3.710472523865308847e-02,6.448595573605349351e-02,1.632022847213735611e-02,1.951542757195507682e-01,1.877948683255583895e-01,1.941660950817696296e-01,5.946517248414306261e-02,1.360018529024179523e-01,1.496147810200537109e-01,1.115254399426888338e-01,8.016546222598863736e-02,1.610916784002966728e-01,2.279082869407147646e-02,2.533699202016779228e-01
2.547083318786534378e-01,1.123595153673034724e-01,1.991055815142480367e-01,1.146756852827320178e-01,4.977075773988958590e-02,6.636684014566296419e-02,5.589313569998423104e-01,1.052741319191064367e-01,2.769335511027788688e-02,1.324963875535571656e-01,1.473297226906055413e-01,3.019685909648431310e-01,1.049489701409049708e-01,9.410204090893503626e-02,1.332183283968251253e-01,0.000000000000000000e+00,6.481337563693692627e-02,4.311879585776694224e-02,3.716443308829599501e-01,2.673119207488027782e-01,3.844202365600299376e-01,8.061490027498746658e-02,3.109231980998785616e-01,3.880845399947388530e-01,1.359465641010506320e-01,5.338295266525691085e-01,3.668091681574347507e-01,3.850197997420367058e-01,9.846602756500123788e-02,3.755957074559400644e-01,3.642185998397574065e-01,1.638374980830924754e-01,1.023277279288067332e-01,3.265284623657915275e-01,1.522963917118073940e-01,3.158897504755572849e-01,1.081296500362686347e-01,3.460659818354943074e-01,2.700846317654405637e-01,3.181274360464265705e-01,2.823625455821608676e-02,1.272194418740032473e-01,5.252429418407895678e-01,3.498337436282769608e-02,3.614676913541735315e-02,1.750146434751147506e-01,3.354490941223945422e-01,6.834895823366321510e-02,9.473636512272083643e-02,5.336945131402875270e-02,4.889554946301900851e-02,3.571323186513780112e-01,1.356163842384371931e-01,3.107729696793145591e-01,1.224386713726537401e-01,1.973668315598476053e-01,1.144191444090550819e-01,5.354072825983837575e-02,1.149496885268789653e-01,2.829599494132277737e-01,1.484399367704556105e-01,6.594760227135434451e-03,5.217300483674348621e-01,4.273745895626390734e-02,4.192047167611776676e-02,1.170594411634046789e-01,2.863258442906331802e-01,4.239493531315557395e-01,2.230170425569956705e-01,2.477951633186914471e-02,5.222688762318419275e-01,3.068206228135951785e-01,2.821294026374219707e-02,1.790276009723310302e-01,4.985252011613999779e-01,4.678146843661458165e-01,2.244352503608249005e-01,3.900608623325703128e-01,2.816123538238322621e-01,2.987947854542757353e-01,7.312353616798328293e-02,2.089182872165193106e-01,1.742575380415316844e-01,3.026994270141539767e-01,2.225107968094391375e-01,1.333067847389092508e-01,2.364926149152630774e-01,2.161314244023296582e-01,8.426453855075144439e-02,1.436278821373651593e-01,3.250171560930317782e-01,4.109913859714493523e-01,2.311280840428915906e-01,4.139503692504453713e-01,2.401618284375740264e-01,3.132207507040639105e-01,1.336077013883518218e-02,2.486668158860629863e-01,1.055937839890279117e-01,4.915611238357909252e-01
