0.000000000000000000e+00,3.967745324655967964e-01,5.507830261753853263e-01,7.365645424341414893e-01,3.801422209599975011e-01,4.761866093376016518e-01,6.824302189587233558e-01,7.664349597739052999e-01,4.522795226737031937e-01,5.102068375298576264e-01,7.080058349371531889e-01,4.745425417947049529e-01,5.556045907815092555e-01,2.696368010102214718e-01,6.024706651868521057e-01,5.894628093353416753e-01,4.111590977109088607e-01,5.296329526674582455e-01,4.710791125864236539e-01,5.203415947381975215e-01,3.690029840199328670e-01,5.790937203934706234e-01,5.920956171537632429e-01,5.924811015467217334e-01,3.969170787067943795e-01,7.212624661970682416e-01,2.337006719651782138e-01,6.268537626815174901e-01,4.125163441798500585e-01,4.863243821763878483e-01,5.904229466116639458e-01,5.064474953378432787e-01,5.479658113834348088e-01,5.994028023520014958e-01,6.463080186202155852e-01,5.883985680735706048e-01,4.933013122644796522e-01,4.999467833168171893e-01,5.663575733568511072e-01,4.568901651495972938e-01,5.948234868676506304e-01,4.201022099506886986e-01,5.276812214047545968e-01,5.593052105109858063e-01,5.802975279894913019e-01,3.946344600036544303e-01,6.859336301406214753e-01,6.362087796424114039e-01,5.357753064103614182e-01,6.669085293690599769e-01,4.092289959660571075e-01,6.064636831128692451e-01,5.303109735007401904e-01,2.773978546685192392e-01,5.904209261085011651e-01,6.368664728409276776e-01,4.903481801565293119e-01,4.803033937645631024e-01,2.285135943450990192e-01,1.997771424223558356e-01,2.294704151050892260e-01,5.667418337370456749e-01,6.161445649801603475e-01,5.203923406096532256e-01,7.148235747201737711e-01,7.280870072701715046e-01,3.085484807950453767e-01,4.447520466400552430e-01,7.056562467504733371e-01,5.111633975610901937e-01,6.294290681461801595e-01,7.967491271166306233e-02,4.627769822192021598e-01,7.006629657267127165e-01,3.953934625331041453e-01,2.615768897239041380e-01,6.758400942917789367e-01,6.072048539245794574e-01,2.244976484316304755e-01,7.640793584979740372e-01,6.403491170691959500e-01,8.033134585913588310e-01,7.362706468528531500e-01,6.944695945731342857e-01,5.845636368578501774e-01,5.973075021286976538e-01,5.306293303103751802e-01,5.965838786061165022e-01,5.712196022434077314e-01,1.780145348673938255e-01,5.653430490125819219e-01,4.229165895729014579e-01,7.079052934289125076e-01,5.602370412093659047e-01,6.837023843739028495e-01,4.166070878267190691e-01,5.891702878938882559e-01,3.172166099532665040e-01,5.563299187438286442e-01,6.772014948207349949e-01
3.967745324655967964e-01,0.000000000000000000e+00,5.662215104042849223e-01,4.447878089985783934e-01,2.011883736477138584e-01,4.114647342963141385e-01,6.157954279506553386e-01,5.782747093764409874e-01,3.900530755238701963e-01,5.617695956016293124e-01,4.361621017611563289e-01,2.851202348232026451e-01,2.908164238805018842e-01,3.079726463291583283e-01,2.755513430070988257e-01,4.170566259792665154e-01,3.345753508410371224e-01,4.152811485698702509e-01,3.637353146641251755e-01,3.139438179607576540e-01,3.943686513251875581e-01,3.673900555697435788e-01,4.128038257528205968e-01,4.086932151479167330e-01,5.335107231927001953e-02,5.916837281569753415e-01,4.193781259616558565e-01,4.074673106477876283e-01,4.925997108330384955e-01,3.551450527746221608e-01,4.855388159245853652e-01,1.693102214128995031e-01,3.202109882080600434e-01,4.098336663744016617e-01,3.890546901433584170e-01,3.867393306569669731e-01,4.827634486085048415e-01,4.044439645622279755e-01,3.090235858181052397e-01,3.212009724505268116e-01,3.637175329543830826e-01,2.224743786260861000e-01,5.571357363827866838e-01,4.223561963118855900e-01,3.686826656752082987e-01,4.789807247826141090e-01,5.077362231708758555e-01,4.619175400071917070e-01,1.878037226922626146e-01,5.135377138310402989e-01,3.755925648033047182e-01,4.063910393977636648e-01,2.345073572831014030e-01,4.132456908474867463e-01,2.552104413915063930e-01,3.744259101304228676e-01,4.288929104737330689e-01,3.365226197485414183e-01,2.444475550264945674e-01,3.408913680630424325e-01,2.030297877584933686e-01,4.262453586770031944e-01,6.018392480893598462e-01,4.227079916397411541e-01,4.678491069208350339e-01,4.320597898498526601e-01,3.857923782762101572e-01,4.617819181806459006e-01,4.034130306315791836e-01,3.578576705123705515e-01,5.605407284003992574e-01,4.559619085865389554e-01,3.887612799875894143e-01,5.738586518030538430e-01,5.002548673099589394e-01,5.151692257086422089e-01,6.379644381815328114e-01,3.964309111133274555e-01,3.124890454805346329e-01,5.018457389988483230e-01,3.419458207930319849e-01,5.306248246723206385e-01,5.004739473554888907e-01,4.174823671275749715e-01,3.166414663105717175e-01,5.384539899937962337e-01,2.872194600053045166e-01,4.025051110011861333e-01,2.354235013520957487e-01,3.243835068246827547e-01,5.071071384831495887e-01,4.235975520938712879e-01,4.781094425844238938e-01,4.425987025354204407e-01,5.417341492334606379e-01,2.989508167731220190e-01,3.501600376009364468e-01,2.797708694184095068e-01,2.909928921531766410e-01,5.322383685091632843e-01
5.507830261753853263e-01,5.662215104042849223e-01,0.000000000000000000e+00,7.046939410564613260e-01,4.704502398043842182e-01,6.441367374911111110e-01,6.167694656656110830e-01,5.175379188482839288e-01,4.545292964270106206e-01,2.583681555084507142e-01,6.035025882305422584e-01,7.137996947724090102e-01,4.798151605907285400e-01,4.973215545916054858e-01,6.243057496428169317e-01,5.322795357755054635e-01,3.136697287498769748e-01,3.140425919354242201e-01,6.670941975308836147e-01,7.823910097436033162e-01,6.236652896558488868e-01,7.289270802049101494e-01,8.543497187180567609e-01,8.407393775892950671e-01,5.712830556178917218e-01,6.781087094391727854e-01,6.897200977811358547e-01,8.250991845913402400e-01,4.749597623802931379e-01,7.217621656171289146e-01,5.176979910386979578e-01,6.310990130083462546e-01,7.285720810656238777e-01,6.085158657912311808e-01,7.982188945648407419e-01,6.203716085065024144e-01,1.695674306736222603e-01,5.578690119004073855e-01,7.723940182706081625e-01,7.598318752863345571e-01,6.548256284901763369e-01,6.761866096304197660e-01,5.912989160782656795e-01,6.546198596804950753e-01,6.697611554975757553e-01,2.067487831908720597e-01,5.688949550725561632e-01,3.846368396362221942e-01,5.903087161435420782e-01,4.055455932961830601e-01,5.299192783295811893e-01,8.485102746177644040e-01,7.126730927459368203e-01,4.743418555842077167e-01,6.868242005267851669e-01,5.765792160721011639e-01,1.946309535437087956e-01,3.310697882747214993e-01,4.941084317237510737e-01,5.543644516017366408e-01,5.532299863254600547e-01,5.677902800547296458e-01,5.442844624280577248e-01,3.099942250213257866e-01,6.804025329092988628e-01,7.044613147735936387e-01,4.570948051330483430e-01,5.770837762948713978e-01,7.277162719924242795e-01,3.821741215013116921e-01,6.297989606211473745e-01,5.820568882114920406e-01,3.960685567549806496e-01,3.439195158672669894e-01,6.548568035854495095e-01,7.033551939224698124e-01,1.944513285255029811e-01,7.824686247268962669e-01,6.140400578582508873e-01,7.134328392751713155e-01,6.934751196424266961e-01,7.205240682853789602e-01,5.652700129696627274e-01,7.420514692365786091e-01,6.047478243035265821e-01,1.686459914021780637e-01,5.931268603104208337e-01,4.778829780687714468e-01,6.433866596008792627e-01,4.598191266029686419e-01,3.977364136445629694e-01,6.189111079665626791e-01,5.703681815235638330e-01,6.409886819669283753e-01,4.046649634704541088e-01,6.496776406158735195e-01,5.971454802100485404e-01,6.887696372432038361e-01,4.811438478140419583e-01,9.423523884757584179e-01
7.365645424341414893e-01,4.447878089985783934e-01,7.046939410564613260e-01,0.000000000000000000e+00,4.721798150216447443e-01,5.816013117318208359e-01,7.503180992015247019e-01,4.203310485278390907e-01,5.512760734744523994e-01,7.133843251454976553e-01,2.461892735797767129e-01,5.658735099474876407e-01,3.545976553318319624e-01,6.063135384211528756e-01,2.599582540206142323e-01,4.207658583379385586e-01,5.372359666436723469e-01,5.047498249896337219e-01,6.359258719997140652e-01,5.429125144693034422e-01,7.075555050184504369e-01,4.367251027203218894e-01,5.802700652365198053e-01,5.972948339655171912e-01,4.594214409000645372e-01,6.803278415547135971e-01,7.613494427900006079e-01,5.531437022432923456e-01,6.937481960927947000e-01,6.261177778324795717e-01,6.364045482218662064e-01,3.931468277156340840e-01,4.398489395022447956e-01,5.412582670365354565e-01,3.926816253298128778e-01,5.278897833200030254e-01,6.310925154282104321e-01,6.316587232437900212e-01,4.859868415089951266e-01,6.117951454027398261e-01,3.580106502122248902e-01,5.062940637160798785e-01,7.891935038993722618e-01,5.031226212004159537e-01,4.025289801997850581e-01,6.990573621953116712e-01,5.458233994103663944e-01,4.323889533055229051e-01,2.961682074861642922e-01,4.651095609688586929e-01,5.797581859757525713e-01,5.715934196767280540e-01,4.004783038284632224e-01,7.244465902094979759e-01,2.759320076748966732e-01,3.699987537509075164e-01,5.786834843001027462e-01,4.757813231742973326e-01,5.903977519044536493e-01,6.944479053942012037e-01,5.868872259274863223e-01,4.767090261937146911e-01,7.759631205006427557e-01,5.233940426244905186e-01,2.464963729434478112e-01,2.453539054365594385e-02,6.912490900001068139e-01,7.294722751118939419e-01,2.695636670582564065e-01,4.536186570458386469e-01,7.270748108145341781e-01,7.844971938091468422e-01,5.383875167432129460e-01,5.612513348886155606e-01,7.976219215555860886e-01,8.396721144257560665e-01,6.983356310684478707e-01,5.612356810534708806e-01,6.779720478119857230e-01,3.676718958519793468e-01,2.171239071132904930e-01,2.158310813089757141e-01,3.465138552696771512e-01,3.964036625465355290e-01,4.161264664654671930e-01,6.168305780950704698e-01,4.726461237612862853e-01,4.824711861307444671e-01,2.576593331238941076e-01,6.498854438077994455e-01,6.649329442113415256e-01,7.106859135755209111e-01,4.091612838472722946e-01,6.425135361186393723e-01,5.570652481566512604e-01,6.100923694672067965e-01,3.255968556766699051e-01,6.324770805725997702e-01,3.539394534660918468e-01,6.782023609583808232e-01
3.801422209599975011e-01,2.011883736477138584e-01,4.704502398043842182e-01,4.721798150216447443e-01,0.000000000000000000e+00,3.149845403893956064e-01,6.713664308720799223e-01,5.155159139910907573e-01,2.178785349388714099e-01,4.236725693701718365e-01,4.645874101760220087e-01,4.475481435891883186e-01,3.110486476934016808e-01,1.920226498202314558e-01,3.677848718680951090e-01,2.905348225188257860e-01,1.936689921349406540e-01,2.800829744910572350e-01,4.942373870017773840e-01,4.542174755852643742e-01,4.873724474805384288e-01,3.620243731534335541e-01,5.258454080770080807e-01,5.552901416532448620e-01,2.380131509480745977e-01,6.687526523765238151e-01,4.773292972664295863e-01,5.601922823196315848e-01,3.465769453343245932e-01,5.024661644856274201e-01,5.385955022669648429e-01,3.326519648042229882e-01,3.498834122049852557e-01,5.088586228051116267e-01,4.511368201078361229e-01,4.960346223099966201e-01,3.564525487281039462e-01,4.891150548036314882e-01,4.655434243327187804e-01,4.654594897410245791e-01,3.121212558563364881e-01,2.859377092015157329e-01,6.124956075292576907e-01,3.285669723492156691e-01,3.166024617783654849e-01,3.777701933918521382e-01,5.616605571979178535e-01,3.808725232777411263e-01,2.774748575369661019e-01,4.108469913205742285e-01,2.284624360193315828e-01,5.465242148263724786e-01,3.437728616314688623e-01,4.310902248961680505e-01,3.584954102436633261e-01,4.433118540978020494e-01,3.324433008974756465e-01,2.188414652357542345e-01,1.786073307844191771e-01,3.892691318471899198e-01,2.271131114761235636e-01,2.950159291776450754e-01,6.388794323240597484e-01,2.793987214023361254e-01,4.283267465940850394e-01,4.656644608997743129e-01,4.099327638225064852e-01,5.316636541803163585e-01,5.032425137941817228e-01,2.159956184778231980e-01,6.332240111764119161e-01,4.392698319967398568e-01,2.153893278559586011e-01,5.147088808978856900e-01,5.713198219749704432e-01,5.550805168767708464e-01,5.510850971768069817e-01,5.504067964141924341e-01,3.889381606621161169e-01,5.800275346389319742e-01,3.693390920661918098e-01,5.692194583430582044e-01,5.076769435249437468e-01,5.394418309233515174e-01,4.272484232590716413e-01,4.363522990819506120e-01,4.108227141208982691e-01,4.409711835982089712e-01,3.056106633053209953e-01,2.468514986014970214e-01,5.172727723386428833e-01,5.149604867350554560e-01,5.159557699773250627e-01,5.479895434512938035e-01,5.253904134358228228e-01,4.373757738671217310e-01,2.781759235203775660e-01,3.795594104291231119e-01,3.121808876782040665e-01,6.516687014509360276e-01
4.761866093376016518e-01,4.114647342963141385e-01,6.441367374911111110e-01,5.816013117318208359e-01,3.149845403893956064e-01,0.000000000000000000e+00,8.731322153151445109e-01,6.554733184955249259e-01,2.644996875257215052e-01,5.216784254053455916e-01,6.463764029571825720e-01,5.932162057321200832e-01,5.502943044483167290e-01,2.743808006553011269e-01,5.541566880172416054e-01,3.306933403777016500e-01,4.245204475565612090e-01,4.633123259024831686e-01,6.749921863273623535e-01,5.168839552905188928e-01,6.608301291431460944e-01,2.744289181263693256e-01,5.321948093762789433e-01,6.353743377958167571e-01,4.493883066441706209e-01,8.679328385285897118e-01,5.555214451089962591e-01,6.709551998270415485e-01,3.183417686098986565e-01,6.567644270408498075e-01,7.604157598131289220e-01,5.209040059800729150e-01,3.050440321495658247e-01,7.232212598779966806e-01,4.379582846001747187e-01,7.076033452041913252e-01,5.277481517345564699e-01,7.055941382553733154e-01,5.694589090420846267e-01,5.577007278801210388e-01,2.920171575415115295e-01,3.113557404815910368e-01,8.028422326085372651e-01,1.503208991155423890e-01,2.498081497848362031e-01,5.500652259818760159e-01,7.771571668815222544e-01,5.671021479961181333e-01,4.730036508630566794e-01,5.547223766627297215e-01,1.648784724969192539e-01,6.079856474352188789e-01,4.112087119838503391e-01,6.179181795668829968e-01,4.825432968193955618e-01,6.579825996853917447e-01,5.510715342243599491e-01,4.566538712576067027e-01,3.392731920623030528e-01,5.518913321944832751e-01,3.756687350048796836e-01,2.456207042743114854e-01,8.410380880151466787e-01,4.512534309766979002e-01,4.627586570668151822e-01,5.780940903394627961e-01,6.138792267326214080e-01,7.258034444215609726e-01,6.562326870406181012e-01,4.079283739872842651e-01,8.343628374551548266e-01,5.131690286430324877e-01,3.328127161693981706e-01,7.045924921337280988e-01,7.269467577226884636e-01,6.326097933039661614e-01,7.172031067949456995e-01,6.940659795683385980e-01,5.268740606139994398e-01,7.553105918909862604e-01,4.365873007159147834e-01,7.110157238431533688e-01,6.957424173170104753e-01,7.050837257040653006e-01,6.410024143392324403e-01,6.151231719858161195e-01,6.289646150713492645e-01,6.753211800285258137e-01,4.421055154390446384e-01,3.845904614462558047e-01,7.409077568985745765e-01,6.993562839695208755e-01,7.222814888060991034e-01,7.492303592896060183e-01,7.389234496700172183e-01,6.143872404325397829e-01,3.306908797956089607e-01,4.575730447134953027e-01,5.511139479865955204e-01,6.703971979429915740e-01
6.824302189587233558e-01,6.157954279506553386e-01,6.167694656656110830e-01,7.503180992015247019e-01,6.713664308720799223e-01,8.731322153151445109e-01,0.000000000000000000e+00,7.331244282621449671e-01,7.789404552932336356e-01,7.580105397488193786e-01,6.057433971889557567e-01,5.840005377440437018e-01,5.314524203748659525e-01,7.309736724054556323e-01,5.987403735316947362e-01,8.053891432706766773e-01,6.328400390537011200e-01,6.765694159805797359e-01,4.463673434374169635e-01,7.349425214214404534e-01,4.682056725538054631e-01,8.587910674127839927e-01,8.246279768221319584e-01,7.189628996130666971e-01,5.869426684276985995e-01,1.927020540562227047e-01,6.920002241225745587e-01,6.645535946765145363e-01,8.306964745357859892e-01,5.339854625872008098e-01,1.946734108674608443e-01,5.792542858905125325e-01,8.269226542912646583e-01,3.243122550193956455e-01,8.458755040963744642e-01,3.560495996657802031e-01,6.583619635832048678e-01,2.894807182948275215e-01,6.823000739334045273e-01,6.795304714716104977e-01,8.270151124226353678e-01,7.572499431011738835e-01,2.809696047878948999e-01,8.803623642468824118e-01,8.439919677184014590e-01,6.212068065925857585e-01,3.141673178788958465e-01,6.484868499442848488e-01,6.210857280000285918e-01,7.240924339643297625e-01,8.072035343787935524e-01,7.548909513534126647e-01,7.409280296462901205e-01,4.875185990336426967e-01,6.943139551397909948e-01,4.752456426674209200e-01,5.734790198480663737e-01,6.183817106715430167e-01,6.724764463683693405e-01,5.608162342206018947e-01,6.570983850899861922e-01,8.424882990590865095e-01,1.617377859958328001e-01,6.901320476679461136e-01,8.395242434770755491e-01,7.424448185481690166e-01,4.531319904824474554e-01,3.451622280295282841e-01,6.310012524347052842e-01,6.854639714024661767e-01,1.274062535230203741e-01,7.108005594015449624e-01,7.428076018572765671e-01,5.882075997860536365e-01,4.877129606090273573e-01,7.015166109209960421e-01,6.439869105775448688e-01,5.753598717187845546e-01,6.047248441237935701e-01,5.545131750646179469e-01,7.757181005046154265e-01,6.944762862738966813e-01,5.826824273693239631e-01,5.622951975815627668e-01,4.563456975255666404e-01,6.355885111233936513e-01,4.320339724932311665e-01,3.819415482449434740e-01,6.939416241684012165e-01,6.736967391752223255e-01,2.844383055591366838e-01,4.051059885544548989e-01,4.778321286415355695e-01,2.975074150324191757e-01,4.522673535225936736e-01,4.991200952162236915e-01,7.875608968211342820e-01,6.966906558581036357e-01,5.310516998037186909e-01,8.535148111044810193e-01
7.664349597739052999e-01,5.782747093764409874e-01,5.175379188482839288e-01,4.203310485278390907e-01,5.155159139910907573e-01,6.554733184955249259e-01,7.331244282621449671e-01,0.000000000000000000e+00,5.160012597778508292e-01,5.581542140024065013e-01,3.432104443568464447e-01,7.381242214093211018e-01,3.900315183729738955e-01,6.326938213830121116e-01,4.801250507194513295e-01,4.054040055116455155e-01,4.645300948930224383e-01,3.564445017426580709e-01,7.472395425227253973e-01,7.623636224793451932e-01,7.776146369593257557e-01,6.328578835183795714e-01,8.150437379812569549e-01,8.197848350041289089e-01,5.925952018203641813e-01,7.084034557026194223e-01,8.474893037261351791e-01,7.826037719314197227e-01,6.443976707053480357e-01,7.736594691963053494e-01,6.216348913466055448e-01,5.837377313602966078e-01,6.506967426662436660e-01,6.167387720579852184e-01,6.693800192413789096e-01,6.223107222448239773e-01,4.697539471688635393e-01,6.719732972154481843e-01,7.239837070114514272e-01,7.915810808201969584e-01,5.144008977490084344e-01,6.749773745253684343e-01,7.912435624402271994e-01,5.906103534074697015e-01,5.552280254856272190e-01,5.878450804057070433e-01,5.390532742755447249e-01,2.042193981137979397e-01,4.864902690201415858e-01,1.955751862508725847e-01,5.970821639412681181e-01,8.095526159276658085e-01,6.390184335246219538e-01,7.244736980318673414e-01,5.541913113985753592e-01,4.582795834940621704e-01,4.334042477504190805e-01,3.868532236517543410e-01,6.328849843517371232e-01,7.440043258346074051e-01,6.675342310865913786e-01,4.907032914374220844e-01,7.349622642793460781e-01,3.787637626130555546e-01,4.110572286480760895e-01,4.314531878642271501e-01,6.914556575521203508e-01,7.582382833691726498e-01,5.459113938215729434e-01,3.677996130593049195e-01,7.436046953312159813e-01,8.102652369436424973e-01,4.692805625508969514e-01,2.898096061768539178e-01,8.465412205264184475e-01,9.000934338013809599e-01,4.443620723742086609e-01,7.597090166218345431e-01,7.618276667805325975e-01,5.242934845523875564e-01,5.043258723400839694e-01,4.148673004345852511e-01,2.918132458618036273e-01,6.185422601109561436e-01,5.460566400825928035e-01,3.882175541395184171e-01,5.887390262109400974e-01,4.656899418441885485e-01,5.062212508259013033e-01,6.591999005020430236e-01,5.868027262445457692e-01,7.711252851667611541e-01,4.097754998535109716e-01,7.158008528189391262e-01,3.915403255709236086e-01,7.294919231125347459e-01,4.389186682555062391e-01,7.683223807875270150e-01,3.906494641347372232e-01,9.101522538699308162e-01
4.522795226737031937e-01,3.900530755238701963e-01,4.545292964270106206e-01,5.512760734744523994e-01,2.178785349388714099e-01,2.644996875257215052e-01,7.789404552932336356e-01,5.160012597778508292e-01,0.000000000000000000e+00,3.228638170626344506e-01,5.604959963263981271e-01,6.070072834806400364e-01,4.407592572403680187e-01,2.289626333710753359e-01,5.102634262240853813e-01,2.220789588242754742e-01,2.292376500154595931e-01,2.516831664977275951e-01,6.467824160743365081e-01,5.925324770807961494e-01,6.243255020432729729e-01,4.103531046076804856e-01,6.405465147765365685e-01,6.939494393842118303e-01,4.242153363007148958e-01,7.879230378837048798e-01,5.820775223179553981e-01,7.050352743409700196e-01,2.071717146469754245e-01,6.563295505458176526e-01,6.569288123508443267e-01,5.030636621948517684e-01,4.312205959625404761e-01,6.509600487794784396e-01,5.392300844098731893e-01,6.430278544832036536e-01,3.176725478439031969e-01,6.281777060982938199e-01,6.140337742318595637e-01,6.102686429558447090e-01,3.364063311634837294e-01,4.091475095565857423e-01,7.230105640365821484e-01,2.766203147350396740e-01,3.341608519520554710e-01,3.762566964673602077e-01,6.753202858066791325e-01,3.973077689398313850e-01,4.335921923931717048e-01,3.791214338975586462e-01,1.322691263571775799e-01,6.797013133568107213e-01,4.782669386613550011e-01,5.357784620190566560e-01,4.956037711294226655e-01,5.736497610756745580e-01,3.589748212088010870e-01,2.697099871046554909e-01,2.924877687789826375e-01,5.131924392268448765e-01,3.698929270528480417e-01,1.936169980787466327e-01,7.371871605032108699e-01,2.314480970992265352e-01,4.436035518719689263e-01,5.503638034172182447e-01,5.245710315763918441e-01,6.570358644604622489e-01,6.311104834422167631e-01,2.123136626050239617e-01,7.534057432270958587e-01,4.970943567808580599e-01,8.616433900439203486e-02,5.353043420936762775e-01,6.883931329678808497e-01,6.418663918116310763e-01,5.308831772960197481e-01,7.015609642782308919e-01,5.220278633813695279e-01,6.962476553581060656e-01,4.565537770564829789e-01,6.535717969353062040e-01,5.857238532661329655e-01,6.790039125642788331e-01,5.787249902061122331e-01,4.161300994009830001e-01,5.704524458887727523e-01,5.607853121042619682e-01,4.384791179924794613e-01,3.121681800149968544e-01,6.105943160759251809e-01,6.507777050144192277e-01,6.195374627955109181e-01,6.897581081667968350e-01,5.917239113430488029e-01,5.955856026236188150e-01,3.026733573251271792e-01,5.133047961643997237e-01,4.420893555226798055e-01,7.655697571856375783e-01
5.102068375298576264e-01,5.617695956016293124e-01,2.583681555084507142e-01,7.133843251454976553e-01,4.236725693701718365e-01,5.216784254053455916e-01,7.580105397488193786e-01,5.581542140024065013e-01,3.228638170626344506e-01,0.000000000000000000e+00,6.628682663031847389e-01,7.366230232599700889e-01,5.405219279273816291e-01,4.040831939137309314e-01,6.576012667754310703e-01,4.478442074291364428e-01,2.917437576715575243e-01,2.934795847236574273e-01,7.244949371960119899e-01,7.679330057275600696e-01,6.750813205795067606e-01,6.574618548412592967e-01,8.260836871266797887e-01,8.454398474653828099e-01,5.791203732336616117e-01,8.027648489857610592e-01,6.708644038778107666e-01,8.466364956322588453e-01,2.920462794936775630e-01,7.598566923972276399e-01,6.539193619825002246e-01,6.549538799816227996e-01,6.688223597235698481e-01,7.068708669801369027e-01,7.576336129203259384e-01,7.099912765918086066e-01,1.737718141350182155e-01,6.581955389560436576e-01,7.780822091454068223e-01,7.572728322060702233e-01,5.863306040348109649e-01,6.252103957729917560e-01,7.025609797454014371e-01,5.444678230764721238e-01,5.917702390401229362e-01,2.324214028221265882e-01,6.968983867290085010e-01,4.340161852582101187e-01,6.035363484793176969e-01,4.130176562271830609e-01,3.990613465553957129e-01,8.442609248123471577e-01,6.864039885514472417e-01,5.303490523453899819e-01,6.847933049341088374e-01,6.583046320393584061e-01,2.952805536850498513e-01,3.434455689520224397e-01,4.399538088357413113e-01,5.702683293781586338e-01,5.186858285184160477e-01,4.566406664232731116e-01,6.915148503520792689e-01,2.680692061346049426e-01,6.401480318499394029e-01,7.139812979875636012e-01,5.254130863162965737e-01,6.664728690538651579e-01,7.684190170649557450e-01,3.457539479619930467e-01,7.534282514120498320e-01,5.380301850950978126e-01,2.824263145526980656e-01,4.800825892516754068e-01,7.099001943723654007e-01,6.915374940497004408e-01,3.664460195613667981e-01,8.221594723514270564e-01,6.147704737234233052e-01,7.882572969125639650e-01,6.676342672719584037e-01,7.674918856651693488e-01,6.483372343391869963e-01,7.973401670027947530e-01,6.758659547462116945e-01,2.905580022138579133e-01,6.625990350383074157e-01,5.947357962718523572e-01,6.353090990204770527e-01,3.998060478756751968e-01,5.624463118148687046e-01,6.883345830944388455e-01,6.725539154201796155e-01,7.343859708742774828e-01,5.605829619821098841e-01,6.905484572448722380e-01,5.394840297786119843e-01,6.631536315106453250e-01,5.419670743015654324e-01,9.277054099973391921e-01
7.080058349371531889e-01,4.361621017611563289e-01,6.035025882305422584e-01,2.461892735797767129e-01,4.645874101760220087e-01,6.463764029571825720e-01,6.057433971889557567e-01,3.432104443568464447e-01,5.604959963263981271e-01,6.628682663031847389e-01,0.000000000000000000e+00,5.479596202614909206e-01,2.253818922130133018e-01,6.053979958655413274e-01,2.286113123789955681e-01,4.686724993410840701e-01,4.795558374982387684e-01,4.463906350012187829e-01,5.678666809353587475e-01,5.903282058707406410e-01,6.397113096069092508e-01,5.564032144129232860e-01,6.559189129544295005e-01,6.272469532672793058e-01,4.375106879918699287e-01,5.347339546865050863e-01,7.442279641108270338e-01,5.669656133307008350e-01,6.944490702139397564e-01,5.863167957516698392e-01,4.851843771399433347e-01,3.744621352767031341e-01,5.474101782838421970e-01,4.075010065646260116e-01,5.326467356229205308e-01,4.054581585590275039e-01,5.553309088715008279e-01,5.148708658029496066e-01,5.210479324027443848e-01,6.238219558220268190e-01,4.734612240123169946e-01,5.615726742199858013e-01,6.779457749833727176e-01,5.915384954506323067e-01,5.144775650585362570e-01,6.216789299879876829e-01,3.645208363820486852e-01,3.327162454560709248e-01,2.947837705520362506e-01,4.051854460753420706e-01,6.076285796514062643e-01,6.212157650061623793e-01,4.805896859510578878e-01,6.450014744909751130e-01,3.556828068995536718e-01,1.977641532584983319e-01,4.772405683070148896e-01,4.047197227198861547e-01,5.753137063131281703e-01,6.435026980749980474e-01,5.761154183864823919e-01,5.378706418266678835e-01,6.389944511447044340e-01,4.714038979874619617e-01,3.976259552878869674e-01,2.443724543061739918e-01,6.043261869239711093e-01,6.311582404702613669e-01,2.638896499502644266e-01,4.179495428557255532e-01,5.957294325925986955e-01,7.568024830669174419e-01,5.265939230693317263e-01,4.155683150306387352e-01,7.270970764413282605e-01,8.105967186211596731e-01,5.836691582923522192e-01,5.373531779959602739e-01,6.461389537949059347e-01,2.395629492721029763e-01,3.719618091173349517e-01,1.799071273386588232e-01,1.353522982489150650e-01,3.448160535343796074e-01,3.012966646230191281e-01,5.140300115296695393e-01,3.724399605896708820e-01,3.062067829968669330e-01,3.333471692097391137e-01,6.221493874308484662e-01,5.149320074940003655e-01,6.283671085769220177e-01,1.952799788635756484e-01,5.331714233935381797e-01,3.762898107454823449e-01,5.575637168283128497e-01,4.154110678267990409e-01,6.412614051021785500e-01,2.243021332559940462e-01,7.392385148185758315e-01
4.745425417947049529e-01,2.851202348232026451e-01,7.137996947724090102e-01,5.658735099474876407e-01,4.475481435891883186e-01,5.932162057321200832e-01,5.840005377440437018e-01,7.381242214093211018e-01,6.070072834806400364e-01,7.366230232599700889e-01,5.479596202614909206e-01,0.000000000000000000e+00,4.487792441509453889e-01,4.983990375310601850e-01,3.815261546703748174e-01,6.318182930455481516e-01,5.428529443273433230e-01,6.209401733295141224e-01,2.061749810939373928e-01,2.310073393806474085e-01,3.062421501702626836e-01,5.198612054272929717e-01,3.544304561307720647e-01,2.226635828459018751e-01,2.492615381590873591e-01,5.401536490984024663e-01,3.853236069509456962e-01,2.166133140995591955e-01,6.749928484866346556e-01,1.174888999143978846e-01,4.930521297180482376e-01,2.342508100750777811e-01,4.563652845077099118e-01,3.766023686746652333e-01,4.718341315110466394e-01,3.427252804678901366e-01,6.621192370591905130e-01,3.690440631251669101e-01,1.966613955319015394e-01,1.535871452670279358e-01,5.566622927235503893e-01,3.561205931265152835e-01,5.109261658892187974e-01,6.138323326199099927e-01,5.568119113712878265e-01,6.301891636870788904e-01,5.329808702490475003e-01,6.429026079251526360e-01,3.598403498623112262e-01,7.010457190688347273e-01,5.807268927077976484e-01,2.677184967258382509e-01,3.318247381621488579e-01,4.506211383287393457e-01,3.636668079434534073e-01,4.432458573253674761e-01,6.012497457303964676e-01,5.458916925249481800e-01,4.274576773430766585e-01,3.589956537254748725e-01,3.492101993032781238e-01,6.373844719767406408e-01,5.924535389929679319e-01,6.291335302153590048e-01,6.384530790857471105e-01,5.501276702226739479e-01,4.295269213992878310e-01,4.096694076002219131e-01,4.298630664483443220e-01,5.781064952326793183e-01,5.031156243515899629e-01,5.164299488295625018e-01,6.070522537246160200e-01,7.151861157829539906e-01,4.172982188791937164e-01,4.796553022010843215e-01,7.817447390573478705e-01,1.867838352046936046e-01,3.000941774339441759e-01,5.208572257027483943e-01,4.934611683497205359e-01,6.123521980717623325e-01,6.123681361265974621e-01,3.736971280125837014e-01,3.369683766513897338e-01,7.047515541872173550e-01,2.811425222659009182e-01,4.812236889530251416e-01,3.973468059317085133e-01,4.816606828665947471e-01,5.643925909122432527e-01,3.347132939946386165e-01,5.526102396008771844e-01,3.492610980102056617e-01,6.465629175786378191e-01,1.532267012010279927e-01,5.588431246691651921e-01,2.667264959888422382e-01,4.481756951537551603e-01,4.012939150672895083e-01
5.556045907815092555e-01,2.908164238805018842e-01,4.798151605907285400e-01,3.545976553318319624e-01,3.110486476934016808e-01,5.502943044483167290e-01,5.314524203748659525e-01,3.900315183729738955e-01,4.407592572403680187e-01,5.405219279273816291e-01,2.253818922130133018e-01,4.487792441509453889e-01,0.000000000000000000e+00,4.583872578750516902e-01,2.041849022932948621e-01,4.048576662587952679e-01,3.177027914593250069e-01,3.260969062619026859e-01,4.536616500351672854e-01,5.159284174230441833e-01,5.028851881707355753e-01,5.037707061783965878e-01,6.004282443560700067e-01,5.693020594844572235e-01,2.903438064430515220e-01,4.948744960521072600e-01,6.096301256227081300e-01,5.247618457589878771e-01,5.694962455116856503e-01,4.854052480296201511e-01,3.830749524776191905e-01,2.750029254188576799e-01,4.856819475507365702e-01,3.303801863823684348e-01,5.131576524516422433e-01,3.266100067127396533e-01,4.209316364328943294e-01,3.886490429473776209e-01,4.641032523512665930e-01,5.267278939506084834e-01,4.287775451292492601e-01,4.572464822791804662e-01,5.580773106875006606e-01,5.207349475150578888e-01,4.609378633551027837e-01,4.691309823797236711e-01,3.345368275056953555e-01,2.751062537032323285e-01,2.024163074957275599e-01,3.644356136904427501e-01,4.876458981360418110e-01,5.708509762646520880e-01,4.145601410031956591e-01,4.857199538442946718e-01,3.254507350374157282e-01,1.799945387020331078e-01,3.286525811917421769e-01,2.495417218675370918e-01,4.168820033911900258e-01,4.877007602795145336e-01,4.227911580161226035e-01,4.643984268990471453e-01,5.363888029728910434e-01,3.501209996256038903e-01,4.285403375676347104e-01,3.473998463240927648e-01,4.420379695913759788e-01,4.976693611849946075e-01,3.353456937450062791e-01,2.944049391943345251e-01,5.087323744461361708e-01,6.091452797038072742e-01,4.011555321839798127e-01,3.734583850841510788e-01,5.953493650862083930e-01,6.760177120134286399e-01,5.014531621913390635e-01,4.843139997921864226e-01,5.000000531878303622e-01,3.530909973688459713e-01,3.722149532606638389e-01,3.735267651724947235e-01,2.627382220830376536e-01,3.718055937718970361e-01,2.288909295973595437e-01,4.099915677032132666e-01,2.625581245738742853e-01,2.039295105954948284e-01,2.873556733631508209e-01,4.620385162147817582e-01,3.936863280784217434e-01,4.969109128514646589e-01,2.503511219977317959e-01,4.356486393982262340e-01,3.276526361786136765e-01,4.321060869576855423e-01,3.668395231198928186e-01,5.164613262994446341e-01,2.115932937109061412e-03,6.954331956591526254e-01
2.696368010102214718e-01,3.079726463291583283e-01,4.973215545916054858e-01,6.063135384211528756e-01,1.920226498202314558e-01,2.743808006553011269e-01,7.309736724054556323e-01,6.326938213830121116e-01,2.289626333710753359e-01,4.040831939137309314e-01,6.053979958655413274e-01,4.983990375310601850e-01,4.583872578750516902e-01,0.000000000000000000e+00,5.082392453424133816e-01,3.859948173660100457e-01,2.684688658011897266e-01,3.740795719029466060e-01,5.392463328512852039e-01,4.941689160763924615e-01,4.942587154995671805e-01,4.166459464741131824e-01,5.542100477789957402e-01,5.978990596384287093e-01,3.354246212889225864e-01,7.469135691081715267e-01,4.087545810956050851e-01,6.243493860269443418e-01,2.457487365474498586e-01,5.439048756997559853e-01,6.139612547687066657e-01,4.460091952381174951e-01,4.051831081310801053e-01,6.029867694721812166e-01,5.255392206628716201e-01,5.906924228539147670e-01,3.886068963176647628e-01,5.505761637525122820e-01,5.351469791317002844e-01,4.856552683382286961e-01,4.071398814708417913e-01,3.116281082073076858e-01,6.341684678204677628e-01,3.541188260000293631e-01,3.912571268553292070e-01,3.619145333165591505e-01,6.652531534031091986e-01,5.027531260838283833e-01,4.241529383214424631e-01,5.170568405695140646e-01,1.717067181310362733e-01,5.918107693944666403e-01,4.268560938973198771e-01,4.124907589240935368e-01,4.814034798045347396e-01,5.739216965762232725e-01,4.021852908797961534e-01,3.383754641006365693e-01,1.064331813185867975e-01,3.560002997065245811e-01,1.952384696926006413e-01,3.519898770758816409e-01,6.816196967120162764e-01,3.609222588110439500e-01,5.446991730214166827e-01,6.001534462033959461e-01,4.121324865563273931e-01,5.534068735262237526e-01,6.285686664488004949e-01,3.356909944653130862e-01,6.894554375086805464e-01,3.225393052235410174e-01,2.599883162794554559e-01,6.123158406010554833e-01,5.569380856203282049e-01,4.765500474471363601e-01,6.047378604088928800e-01,6.196555389226416910e-01,3.566156362252437262e-01,7.031176858686145614e-01,4.923746743585060703e-01,7.008231443352160861e-01,6.406969100795603111e-01,6.511358089826768669e-01,5.453771904084251387e-01,5.007888332395148412e-01,5.142516968357366824e-01,5.552934990667016679e-01,4.417562645461310389e-01,1.333030209118899190e-01,5.817459627028980229e-01,5.348650850983553973e-01,6.421624499153077981e-01,6.117240163583549384e-01,6.277465844674311457e-01,4.778869256933057086e-01,3.989395603808383317e-01,3.559575406120725205e-01,4.594360868013208088e-01,6.750866850423433707e-01
6.024706651868521057e-01,2.755513430070988257e-01,6.243057496428169317e-01,2.599582540206142323e-01,3.677848718680951090e-01,5.541566880172416054e-01,5.987403735316947362e-01,4.801250507194513295e-01,5.102634262240853813e-01,6.576012667754310703e-01,2.286113123789955681e-01,3.815261546703748174e-01,2.041849022932948621e-01,5.082392453424133816e-01,0.000000000000000000e+00,4.488912916122445029e-01,4.422698389367890059e-01,4.576636913005262541e-01,4.412595415877970106e-01,4.159030133353184833e-01,5.258397928337056326e-01,4.398302356205179842e-01,4.942416577335659311e-01,4.627059953866739517e-01,2.735888980247979108e-01,5.290208899185521174e-01,6.145768377088302037e-01,4.069189692397466307e-01,6.399187126060661424e-01,4.393032048340723139e-01,4.706437530274290015e-01,1.788037483616308210e-01,4.096718836989688972e-01,3.507002044424021858e-01,3.965727529447933830e-01,3.301530979583040537e-01,5.589182103296468362e-01,4.420117565473358212e-01,3.407722254882505908e-01,4.569397644155041571e-01,3.942316310858046124e-01,4.062367787364606353e-01,6.220302360696661204e-01,5.148563827290165706e-01,4.254638139178051892e-01,5.953861740376082956e-01,4.060416591017253496e-01,4.141906803004151150e-01,1.156572748734025213e-01,4.808819137377321473e-01,5.296679235622286930e-01,4.550239570429245317e-01,3.069212397714964902e-01,5.625140618521711211e-01,1.743915165918297205e-01,2.042664433442130667e-01,4.845375455233323914e-01,3.912572654243712811e-01,4.651823283083742488e-01,5.292381555922619496e-01,4.440096109268377167e-01,4.945557595112414773e-01,6.234611170917149225e-01,4.768805426005863768e-01,3.938572132374302814e-01,2.432318871517971659e-01,5.240751999707397024e-01,5.510120124210252657e-01,1.753318311330213375e-01,4.067703996224996676e-01,5.599869924854808945e-01,6.545340274483579801e-01,4.918628364475245984e-01,5.212188153700572091e-01,6.276862041520445690e-01,6.959057217072934787e-01,6.468251842676772112e-01,3.878598030797268947e-01,5.136248680392729860e-01,2.899775101482351403e-01,2.709780018485759001e-01,3.109986025378537744e-01,3.305828360243109332e-01,2.453711247534840212e-01,2.005736480276314737e-01,5.607114559191481717e-01,2.541415348808168106e-01,3.264692969581488580e-01,1.734481170644080472e-01,5.278337222920822525e-01,5.193940071670444247e-01,5.267126913374832187e-01,3.148181053102879212e-01,4.528951072387750187e-01,4.717604691937696826e-01,4.157091860765730340e-01,3.596730334051772560e-01,4.868299675228139889e-01,2.028456129299154864e-01,5.881892182059900165e-01
5.894628093353416753e-01,4.170566259792665154e-01,5.322795357755054635e-01,4.207658583379385586e-01,2.905348225188257860e-01,3.306933403777016500e-01,8.053891432706766773e-01,4.054040055116455155e-01,2.220789588242754742e-01,4.478442074291364428e-01,4.686724993410840701e-01,6.318182930455481516e-01,4.048576662587952679e-01,3.859948173660100457e-01,4.488912916122445029e-01,0.000000000000000000e+00,3.272098877305817388e-01,2.722031810308496169e-01,6.867258602832223557e-01,6.012421662708703485e-01,6.960083464897872663e-01,3.605638880210711994e-01,6.393293057584741312e-01,6.986312805052593555e-01,4.528160884566507782e-01,7.913026391526833958e-01,6.831554049827167630e-01,6.964386976462498824e-01,3.937379501382978764e-01,6.896199943585435976e-01,6.812290870188943970e-01,4.903323485072240695e-01,4.004144809279993056e-01,6.520749695374491450e-01,4.753461044077247344e-01,6.434320459987687979e-01,4.101573437018937174e-01,6.674595745749495324e-01,6.037833945549789805e-01,6.452662190897995309e-01,2.240853181364767799e-01,4.400787127141272403e-01,7.863759378128815092e-01,2.473666427534755574e-01,2.511107293787944172e-01,5.042110565778504805e-01,6.591753252383749651e-01,3.350673971140169516e-01,3.871339093630816186e-01,2.998521995292345310e-01,2.882089756210359788e-01,6.759111932830343950e-01,4.523437701158268820e-01,6.392045145371668680e-01,4.328657644663665982e-01,5.303303534190234592e-01,4.203573444023400163e-01,3.002862290058293526e-01,4.212015474040507468e-01,6.153596041420259510e-01,4.701766084282312796e-01,1.126442639383059136e-01,7.843438593601341768e-01,2.711033963228350885e-01,2.687276867674606162e-01,4.245346367433331380e-01,6.183272246722103516e-01,7.234396745948354912e-01,5.580195402993819442e-01,2.109063815834935351e-01,7.846561806127284600e-01,6.359065803283420193e-01,2.239996124871233840e-01,5.090538034710890836e-01,7.706710666526185305e-01,7.518662637678169558e-01,5.594878745976895607e-01,7.000388389787518539e-01,6.141647971045877119e-01,6.291199356986124647e-01,3.452983062905669587e-01,5.430759315321836977e-01,5.032893552117587710e-01,6.324369240866212216e-01,5.574939079694416488e-01,4.490193389160480053e-01,5.717302589593055151e-01,5.508015635449269309e-01,3.676881424820918620e-01,4.636043510907441600e-01,6.508589829350608369e-01,7.146509310742003018e-01,5.663357077261156336e-01,7.166746728720880810e-01,5.753734126970060370e-01,6.412327472510399584e-01,1.578053524971814725e-01,5.836779629068364894e-01,4.059400643743680259e-01,7.664799973836569080e-01
